Friction Map: Friccion.tif
Is Relative?: 0
100
Min: 0.400000	Max:999999.000000
NEW 2nd Max Val: 4.500000
NEW 2nd Max Val: 9.000000
The Second Max Val Is: 9.000000
Avg Frict: 36331.519531
100.000000
Min: 0.400000	Max:999999.000000
32618
Source = 
TIFF to matrix = 0.030000 secs.
creo la matriz de outputdentro del metodo
asignados output y cost
rows: 458, cols 441
declarados filas y columnas
Done
todos los arreglos creados
[2.939214]
[4.818243]
[5.657012]
[4.464213]
[5.189214]
[6.543242]
[7.439214]
[7.343243]
[8.964213]
[7.743243]
[9.764214]
[8.343243]
[10.564214]
[9.143243]
[11.364214]
[9.943243]
[12.164214]
[10.743243]
[12.964214]
[11.543243]
[13.764215]
[12.343244]
[14.564215]
[13.143244]
[15.364215]
[13.943244]
[16.164215]
[15.468244]
[16.964214]
[17.718243]
[17.764214]
[19.243242]
[18.564213]
[20.043242]
[19.364212]
[20.843241]
[20.364212]
[21.643240]
[21.564213]
[22.443239]
[22.764214]
[23.243238]
[23.964214]
[24.043238]
[25.689215]
[24.843237]
[27.939215]
[25.643236]
[30.189215]
[26.443235]
[32.439217]
[500026.343750]
[34.164215]
[1500025.375000]
[35.814217]
[2000025.250000]
[37.914215]
[2000026.000000]
[40.014214]
[2000026.750000]
[42.114212]
[2000027.750000]
[44.214211]
[2000028.750000]
[45.864212]
[2000030.250000]
[47.064213]
[2000032.500000]
[47.964214]
[2000034.000000]
[48.564213]
[2000035.500000]
[49.164211]
[2000037.750000]
[49.764210]
[2000040.000000]
[500049.562500]
[2000041.500000]
[1000050.125000]
[2000042.500000]
[1000053.437500]
[2000043.500000]
[1000056.750000]
[2000044.250000]
[1000058.375000]
[2000045.000000]
[1000061.250000]
[2000045.750000]
[1000064.562500]
[2000046.500000]
[1000066.187500]
[2000047.250000]
[1000067.375000]
[2000048.000000]
[1000068.375000]
[2000048.750000]
[1000069.187500]
[2000049.500000]
[1000070.187500]
[2000050.250000]
[1000071.375000]
[2000051.000000]
[1000072.562500]
[2000051.750000]
[1000075.437500]
[2000052.500000]
[1000082.187500]
[2000053.250000]
[1500086.250000]
[2000054.000000]
[2000086.875000]
[2000054.750000]
[2000089.125000]
[2000056.250000]
[2000092.500000]
[2000057.750000]
[2000095.750000]
[2000058.500000]
[2000097.250000]
[2000059.250000]
[2000098.250000]
[2500059.250000]
[2000099.500000]
[3000059.250000]
[2000101.125000]
[3000060.000000]
[2000102.750000]
[3000060.750000]
[2000104.375000]
[3000062.250000]
[2000107.625000]
[3000064.500000]
[2000112.125000]
[3000066.000000]
[2000116.625000]
[3000066.750000]
[2000119.875000]
[3000067.500000]
[2000122.000000]
[3000068.250000]
[2000124.125000]
[3000069.000000]
[2000126.375000]
[3000069.750000]
[2000128.625000]
[3000070.500000]
[2000130.875000]
[3000071.250000]
[2000133.125000]
[3000072.000000]
[2000135.250000]
[3000072.750000]
[2000137.375000]
[3000073.500000]
[2000139.000000]
[3000074.250000]
[2000140.000000]
[3000075.000000]
[3000076.500000]
[3000078.750000]
[3000080.250000]
[3000081.000000]
[3000081.750000]
[3000082.500000]
[3000083.250000]
[3000084.000000]
[3000084.750000]
[3000085.500000]
[3000086.250000]
[3000087.000000]
[3000087.750000]
[3000088.500000]
[3000089.250000]
[3000090.000000]
[3000090.750000]
[3000091.500000]
[3000092.250000]
[3000093.000000]
[3000093.750000]
[3000094.500000]
[3000095.250000]
[3000096.000000]
[3000096.750000]
[3000097.500000]
[3000098.250000]
[3000099.000000]
[3000099.750000]
[3000100.500000]
[3000102.000000]
[3000104.250000]
[3000106.500000]
[3000108.750000]
[3000111.000000]
[3000113.250000]
[3000115.500000]
[3000117.750000]
[3000120.000000]
[3000122.250000]
[3000124.500000]
[3000126.000000]
[3000127.500000]
[3000129.750000]
[3000132.000000]
[3000133.500000]
[3000134.250000]
[3000135.000000]
[3000135.750000]
[3000136.500000]
[3000137.250000]
[3000138.000000]
[3000138.750000]
[3000139.500000]
[3000140.250000]
[3000141.000000]
[3000141.750000]
[3000142.500000]
[3000143.250000]
[3000144.000000]
[3000144.750000]
[3500144.750000]
[4500144.000000]
[5500143.000000]
[6000143.000000]
[6000144.000000]
[6000145.000000]
[6500145.000000]
[7000145.000000]
[7000146.000000]
[7000147.000000]
[7000148.000000]
[7000149.000000]
[7000150.000000]
[7000151.000000]
[7000152.000000]
[7000153.000000]
[7000154.000000]
[7000155.000000]
[7000156.000000]
[7000157.000000]
[7000158.000000]
[7000159.000000]
[7000160.000000]
[7000161.000000]
[7000162.500000]
[7000165.000000]
[7000166.500000]
[7000167.000000]
[7000167.500000]
[7000169.000000]
[7000171.000000]
[7000173.000000]
[7000174.500000]
[7000175.500000]
[7000176.500000]
[7000177.500000]
[7000178.500000]
[7000179.500000]
[7000180.500000]
[7000181.500000]
[7000182.500000]
[7000183.500000]
[7000184.500000]
[7000185.000000]
[7000185.500000]
[7000186.000000]
[7000187.000000]
[7000188.000000]
[7000189.000000]
[7000190.000000]
[7000191.000000]
[7000192.000000]
[7000193.000000]
[7500193.000000]
[8500192.000000]
[9000192.000000]
[9000193.000000]
[9000194.000000]
[9000195.000000]
[9000196.000000]
[9000197.000000]
[9000198.000000]
[9000199.000000]
[9000200.000000]
[9000201.000000]
[9000202.000000]
[9000203.000000]
[9000204.000000]
[9500204.000000]
[10500203.000000]
[11000203.000000]
[11000204.000000]
[11000205.000000]
[11000206.000000]
[11000207.000000]
[11000208.000000]
[11000209.000000]
[11000210.000000]
[11000211.000000]
[11000212.000000]
[11000213.000000]
[11000214.000000]
[11000215.000000]
[11000216.000000]
[11000217.000000]
[11000218.000000]
[11000219.000000]
[11000220.000000]
[11000221.000000]
[11000222.000000]
[11000223.000000]
[11000224.000000]
[11000225.000000]
[11000226.000000]
[11000227.000000]
[11000228.000000]
[11000229.000000]
[11000230.000000]
[11000231.000000]
[11000233.000000]
[11000235.000000]
[11000237.000000]
[11500238.000000]
[12500237.000000]
[13000237.000000]
[13000238.000000]
[13000239.000000]
[13000240.000000]
[13000241.000000]
[13000242.000000]
[13000243.000000]
[13000244.000000]
[13000245.000000]
[13000246.000000]
[13000247.000000]
[13000248.000000]
[13000249.000000]
[13000250.000000]
[13000251.000000]
[13000252.000000]
[13000253.000000]
[13000254.000000]
[13000255.000000]
[13000256.000000]
[13000257.000000]
[13000258.000000]
[13000259.000000]
[13500259.000000]
[14500258.000000]
[15000259.000000]
[15000261.000000]
[15000263.000000]
[15000264.000000]
[15000266.000000]
[15000268.000000]
[15000271.000000]
[15000274.000000]
[15000276.000000]
[15000278.000000]
[15000280.000000]
[15000282.000000]
[15000284.000000]
[15000285.000000]
[15000286.000000]
[15000287.000000]
[15500287.000000]
[16000288.000000]
[16000290.000000]
[16000292.000000]
[16000293.000000]
[16000294.000000]
[16000296.000000]
[16000298.000000]
[16000299.000000]
[16000300.000000]
[16000301.000000]
[16000302.000000]
[16000303.000000]
[16000304.000000]
[16000305.000000]
[16000306.000000]
[16000308.000000]
[16000310.000000]
[16000311.000000]
[16000312.000000]
[16000314.000000]
[16000317.000000]
[16000320.000000]
[16000322.000000]
[16000324.000000]
[16000326.000000]
[16000328.000000]
[16000330.000000]
[16000331.000000]
[16000332.000000]
[16000333.000000]
[16000334.000000]
[16000335.000000]
[16000337.000000]
[16000339.000000]
[16000341.000000]
[16000343.000000]
[16000345.000000]
[16000347.000000]
[16000349.000000]
[16000351.000000]
[16000353.000000]
[16000355.000000]
[16000357.000000]
[16000360.000000]
[16000363.000000]
[16000365.000000]
[16000366.000000]
[16000367.000000]
[16000368.000000]
[16000369.000000]
[16000370.000000]
[16500370.000000]
[17000370.000000]
[17000372.000000]
[17000374.000000]
[17000376.000000]
[17000378.000000]
[17000380.000000]
[17000382.000000]
[17000384.000000]
[17000386.000000]
[17000388.000000]
[17000390.000000]
[17000392.000000]
[17000394.000000]
[17000396.000000]
[17000398.000000]
[17000400.000000]
[17000402.000000]
[17000404.000000]
[17000406.000000]
[17000408.000000]
[17000410.000000]
[17000412.000000]
[17000414.000000]
[17000416.000000]
[17000418.000000]
[17000420.000000]
[17000420.000000]
[17000422.000000]
[17000424.000000]
[17000426.000000]
[17000428.000000]
[17000430.000000]
[17000432.000000]
[17000434.000000]
[17000436.000000]
[17000438.000000]
[17000440.000000]
[17000442.000000]
[17000444.000000]
[17000446.000000]
[17000448.000000]
[17000450.000000]
[17000452.000000]
[17000454.000000]
[17000456.000000]
[17000458.000000]
[17000460.000000]
[17000464.000000]
[17000468.000000]
[17000472.000000]
[17000476.000000]
[17000478.000000]
[17000480.000000]
[17000482.000000]
[17000484.000000]
[17000486.000000]
[17000488.000000]
[17000490.000000]
[17000492.000000]
[17000494.000000]
[17000496.000000]
[17000498.000000]
[17000500.000000]
[17000500.000000]
[17000500.000000]
[17000500.000000]
[17000500.000000]
[17000500.000000]
[17000500.000000]
[17500500.000000]
[18000500.000000]
[18000502.000000]
Comienza a copiar
Termina de copiar
Cuda execution finished
