Friction Map: Friccion.tif
Is Relative?: 0
100
Min: 0.400000	Max:999999.000000
NEW 2nd Max Val: 4.500000
NEW 2nd Max Val: 9.000000
The Second Max Val Is: 9.000000
Avg Frict: 36331.519531
100.000000
Min: 0.400000	Max:999999.000000
32618
Source = 
TIFF to matrix = 0.030000 secs.
creo la matriz de outputdentro del metodo
asignados output y cost
rows: 458, cols 441
declarados filas y columnas
Done
todos los arreglos creados
[2.939214]
[2.939214]
[3.357107]
[4.818243]
[4.818243]
[4.818243]
[5.136485]
[4.464213]
[4.464213]
[5.189214]
[4.464213]
[4.464213]
[4.157107]
[4.157107]
[4.157107]
[4.882107]
[4.932012]
[5.657012]
[5.989213]
[5.989213]
[7.068243]
[6.343243]
[6.543242]
[5.682107]
[4.957107]
[4.957107]
[4.957107]
[6.543242]
[6.143243]
[7.132107]
[5.682107]
[5.682107]
[5.682107]
[5.932012]
[5.532012]
[5.532012]
[5.532012]
[7.514214]
[8.239214]
[8.239214]
[7.514214]
[7.932107]
[7.207107]
[7.207107]
[7.207107]
[7.407107]
[7.207107]
[7.343243]
[7.143243]
[6.943243]
[7.343243]
[5.757107]
[5.757107]
[5.757107]
[5.757107]
[5.757107]
[6.732012]
[6.732012]
[6.732012]
[5.932012]
[5.932012]
[6.132012]
[7.932107]
[7.932107]
[6.132012]
[6.132012]
[6.132012]
[9.764214]
[9.764214]
[10.489214]
[9.764214]
[10.182107]
[9.457107]
[9.457107]
[6.557107]
[6.557107]
[6.557107]
[6.557107]
[8.007107]
[8.007107]
[8.007107]
[8.143243]
[7.943243]
[7.743243]
[7.743243]
[7.132012]
[7.132012]
[7.332012]
[6.332012]
[6.532012]
[6.532012]
[6.757107]
[6.557107]
[7.282107]
[7.282107]
[7.282107]
[6.532012]
[6.932012]
[8.807107]
[9.532107]
[6.932012]
[6.932012]
[6.932012]
[11.289213]
[11.289213]
[11.707107]
[8.082108]
[7.357108]
[7.357108]
[7.357108]
[7.357108]
[7.557107]
[8.807107]
[8.807107]
[8.607107]
[8.607107]
[8.543243]
[8.543243]
[8.543243]
[7.532012]
[7.532012]
[7.732012]
[6.732012]
[6.932012]
[6.932012]
[7.332012]
[7.332012]
[7.757107]
[7.357108]
[7.357108]
[9.532107]
[7.332012]
[7.732012]
[9.607107]
[11.057107]
[7.732012]
[7.732012]
[7.732012]
[12.814213]
[13.539213]
[13.539213]
[12.814213]
[10.332108]
[9.607107]
[9.607107]
[8.157107]
[8.157107]
[8.157107]
[8.157107]
[8.157107]
[8.157107]
[8.557108]
[9.407107]
[9.407107]
[9.407107]
[9.407107]
[8.943243]
[8.943243]
[9.143244]
[7.932013]
[8.132012]
[8.132012]
[7.332012]
[7.332012]
[7.332012]
[7.732012]
[7.732012]
[8.132012]
[8.132012]
[8.157107]
[8.157107]
[8.882108]
[8.882108]
[10.407107]
[10.407107]
[8.132012]
[8.532012]
[10.207108]
[11.207108]
[8.532012]
[8.532012]
[8.532012]
[8.532012]
[15.064213]
[15.064213]
[11.857107]
[11.857107]
[11.857107]
[8.957108]
[8.957108]
[8.957108]
[8.957108]
[8.957108]
[8.957108]
[8.957108]
[8.957108]
[8.957108]
[9.807107]
[9.807107]
[10.007108]
[10.007108]
[10.007108]
[9.543243]
[9.543243]
[9.543243]
[8.532013]
[8.532013]
[8.532013]
[8.132012]
[8.132012]
[8.132012]
[8.132012]
[8.132012]
[8.532012]
[8.532012]
[8.932013]
[8.932013]
[9.682107]
[10.407107]
[11.207108]
[8.932013]
[9.332012]
[10.407107]
[10.207107]
[11.007108]
[9.332012]
[9.332012]
[9.332012]
[9.332012]
[12.657107]
[12.657107]
[12.657107]
[12.657107]
[9.757108]
[9.757108]
[9.757108]
[9.757108]
[9.757108]
[9.757108]
[9.757108]
[9.757108]
[9.757108]
[9.757108]
[10.482107]
[10.407107]
[10.407107]
[10.407107]
[10.807108]
[10.343244]
[10.343244]
[10.343244]
[9.332013]
[9.332013]
[9.332013]
[8.932013]
[8.932013]
[8.932013]
[8.932013]
[8.932013]
[8.932013]
[8.932013]
[9.332012]
[9.332012]
[9.732013]
[9.732013]
[11.207107]
[11.207108]
[11.807108]
[9.732013]
[10.132012]
[10.607106]
[10.807107]
[11.207107]
[11.007106]
[11.207107]
[10.132012]
[10.132012]
[10.132012]
[10.132012]
[10.132012]
[13.457108]
[13.457108]
[13.457108]
[13.457108]
[10.557108]
[10.557108]
[10.557108]
[10.557108]
[10.557108]
[10.557108]
[10.557108]
[10.557108]
[10.557108]
[10.557108]
[10.557108]
[11.282107]
[12.007107]
[11.207108]
[11.207108]
[11.207108]
[11.207108]
[11.143244]
[11.143244]
[11.143244]
[10.132013]
[10.132013]
[10.132013]
[9.732013]
[9.732013]
[9.732013]
[9.732013]
[9.732013]
[9.732013]
[9.732013]
[9.732013]
[9.732013]
[10.132012]
[10.132012]
[10.532013]
[10.532013]
[12.007107]
[11.807107]
[11.607106]
[11.407105]
[11.407105]
[10.532013]
[10.932013]
[11.607107]
[12.007107]
[10.932013]
[10.932013]
[10.932013]
[10.932013]
[10.932013]
[14.257108]
[14.257108]
[11.357108]
[11.357108]
[11.357108]
[11.357108]
[11.357108]
[11.357108]
[11.357108]
[11.357108]
[11.357108]
[11.357108]
[11.357108]
[12.082108]
[12.082108]
[12.807107]
[12.807107]
[12.007108]
[12.007108]
[12.007108]
[12.007108]
[11.943244]
[11.943244]
[11.943244]
[10.932014]
[10.932014]
[11.657013]
[10.532013]
[11.257012]
[11.257012]
[10.532013]
[10.532013]
[10.532013]
[10.532013]
[10.532013]
[10.532013]
[10.532013]
[10.532013]
[10.932013]
[10.932013]
[11.332013]
[11.332013]
[12.407106]
[12.407106]
[12.407106]
[12.007106]
[12.007106]
[11.807105]
[12.007106]
[12.007106]
[11.332013]
[11.732013]
[12.407107]
[12.807106]
[11.732013]
[11.732013]
[11.732013]
[11.732013]
[11.732013]
[12.157108]
[12.357108]
[12.157108]
[12.357108]
[12.157108]
[12.157108]
[12.157108]
[12.157108]
[12.157108]
[12.157108]
[12.157108]
[12.157108]
[12.157108]
[12.882108]
[13.607107]
[13.607107]
[13.207107]
[13.207107]
[13.207107]
[12.807106]
[12.807106]
[12.607106]
[12.807108]
[12.807108]
[12.807108]
[12.807108]
[12.743244]
[12.743244]
[12.743244]
[11.732014]
[11.732014]
[11.732014]
[11.332013]
[11.332013]
[11.332013]
[13.507012]
[13.507012]
[12.057013]
[12.057013]
[11.332013]
[11.332013]
[11.332013]
[11.332013]
[11.332013]
[11.332013]
[11.332013]
[11.332013]
[11.732013]
[11.732013]
[12.132013]
[12.132013]
[12.607106]
[12.207105]
[12.207105]
[12.407105]
[12.807106]
[12.132013]
[12.532013]
[13.207108]
[13.607106]
[12.532013]
[12.532013]
[12.532013]
[12.532013]
[13.257012]
[13.257012]
[14.082108]
[14.007108]
[13.557108]
[14.007108]
[13.157108]
[13.607108]
[13.157108]
[13.557108]
[13.157108]
[13.157108]
[12.957108]
[12.957108]
[12.957108]
[12.957108]
[12.957108]
[12.957108]
[12.957108]
[13.682108]
[14.407107]
[14.007107]
[14.007107]
[13.607106]
[13.607106]
[13.607106]
[13.407106]
[12.807105]
[12.607104]
[12.807105]
[13.607108]
[13.607108]
[13.607108]
[13.607108]
[13.543244]
[13.543244]
[13.543244]
[12.532014]
[12.532014]
[12.532014]
[12.132013]
[12.132013]
[12.132013]
[12.132013]
[12.132013]
[14.307013]
[14.307013]
[12.857013]
[12.857013]
[12.132013]
[12.132013]
[12.132013]
[12.132013]
[12.132013]
[12.132013]
[12.857013]
[12.132013]
[12.532013]
[12.532013]
[12.932014]
[12.932014]
[12.807105]
[13.207106]
[13.607106]
[12.932014]
[13.332013]
[14.007108]
[14.407106]
[13.332013]
[13.332013]
[13.332013]
[13.332013]
[14.057013]
[14.057013]
[16.107107]
[15.657107]
[14.807108]
[14.357108]
[14.807108]
[15.257108]
[14.357108]
[14.357108]
[14.357108]
[14.157108]
[13.957108]
[13.757109]
[13.757109]
[13.757109]
[13.757109]
[13.757109]
[13.757109]
[13.757109]
[14.482108]
[15.207108]
[14.407106]
[14.407106]
[14.207107]
[13.607105]
[13.407105]
[13.407105]
[13.007104]
[13.007104]
[13.207105]
[13.607105]
[14.407108]
[14.407108]
[14.407108]
[14.407108]
[14.343245]
[14.343245]
[14.343245]
[13.332014]
[13.332014]
[13.332014]
[12.932014]
[12.932014]
[12.932014]
[12.932014]
[12.932014]
[12.932014]
[12.932014]
[15.107013]
[15.107013]
[13.657013]
[13.657013]
[13.657013]
[12.932014]
[12.932014]
[12.932014]
[12.932014]
[13.657013]
[15.107013]
[13.657013]
[12.932014]
[13.332013]
[13.332013]
[13.732014]
[13.732014]
[13.607105]
[14.007106]
[13.732014]
[14.132013]
[14.132013]
[14.132013]
[14.132013]
[14.857013]
[14.857013]
[14.857013]
[16.907108]
[16.457108]
[16.457108]
[16.457108]
[15.557108]
[15.557108]
[15.557108]
[16.457108]
[15.557108]
[15.557108]
[16.082108]
[15.157108]
[15.682109]
[15.682109]
[15.282108]
[15.282108]
[14.557109]
[14.557109]
[14.557109]
[14.557109]
[14.557109]
[14.557109]
[15.282108]
[16.007109]
[15.207107]
[15.207107]
[14.407105]
[14.407105]
[14.207106]
[13.607104]
[13.407104]
[13.607104]
[13.607104]
[14.007105]
[14.607105]
[15.207108]
[15.207108]
[15.207108]
[15.207108]
[15.143245]
[15.143245]
[15.143245]
[14.132014]
[14.132014]
[14.132014]
[13.732014]
[13.732014]
[13.732014]
[13.732014]
[13.732014]
[13.732014]
[13.732014]
[13.732014]
[13.732014]
[15.182013]
[15.907013]
[15.907013]
[14.457013]
[14.457013]
[13.732014]
[13.732014]
[13.732014]
[13.732014]
[15.907013]
[15.907013]
[14.457013]
[14.457013]
[13.732014]
[14.132013]
[14.132013]
[14.532014]
[14.532014]
[14.607105]
[14.532014]
[15.657013]
[15.657013]
[15.657013]
[15.657013]
[15.657013]
[15.657013]
[17.107014]
[17.107014]
[17.657108]
[17.657108]
[17.457108]
[18.182108]
[16.557108]
[17.282108]
[17.282108]
[17.282108]
[17.282108]
[17.282108]
[16.882109]
[16.882109]
[16.882109]
[17.007109]
[16.807108]
[15.557109]
[15.357109]
[15.357109]
[15.357109]
[15.357109]
[15.357109]
[16.082109]
[16.082109]
[16.807108]
[15.932105]
[15.207106]
[15.007106]
[14.407104]
[14.207105]
[14.207105]
[13.807103]
[13.807103]
[14.007104]
[14.407104]
[14.407104]
[14.807105]
[16.007109]
[16.007109]
[15.943245]
[15.943245]
[16.143246]
[14.932014]
[15.132014]
[14.932014]
[14.732014]
[14.532014]
[14.532014]
[14.532014]
[14.532014]
[14.532014]
[14.532014]
[14.532014]
[14.532014]
[14.532014]
[14.532014]
[14.532014]
[15.332014]
[16.707012]
[16.707012]
[15.257013]
[15.257013]
[14.532014]
[14.532014]
[14.532014]
[14.532014]
[16.707012]
[16.707012]
[15.257013]
[15.257013]
[14.532014]
[14.932014]
[14.932014]
[15.332014]
[15.332014]
[16.057014]
[17.907013]
[17.182013]
[17.182013]
[17.382013]
[17.182013]
[17.182013]
[17.182013]
[17.382013]
[19.382109]
[19.382109]
[18.082108]
[18.082108]
[18.082108]
[19.007109]
[19.532108]
[19.532108]
[19.132109]
[19.132109]
[18.607109]
[18.607109]
[18.607109]
[16.757109]
[16.757109]
[16.757109]
[16.357109]
[16.357109]
[16.157108]
[16.157108]
[16.157108]
[16.882109]
[16.882109]
[17.607109]
[17.457106]
[17.457106]
[15.207105]
[15.207105]
[15.007105]
[14.407104]
[14.207103]
[14.407104]
[14.407104]
[14.807104]
[15.207105]
[15.207105]
[16.743244]
[15.732015]
[15.932014]
[15.732014]
[15.932014]
[15.732014]
[15.532014]
[15.332014]
[15.332014]
[15.332014]
[15.332014]
[15.332014]
[15.332014]
[15.332014]
[15.332014]
[15.332014]
[15.332014]
[15.332014]
Comienza a copiar
Termina de copiar
Cuda execution finished
