Friction Map: Friccion.tif
Is Relative?: 0
100
Min: 0.400000	Max:999999.000000
NEW 2nd Max Val: 4.500000
NEW 2nd Max Val: 9.000000
The Second Max Val Is: 9.000000
Avg Frict: 36331.519531
100.000000
Min: 0.400000	Max:999999.000000
32618
Source = 
TIFF to matrix = 0.020000 secs.
creo la matriz de outputdentro del metodo
asignados output y cost
rows: 458, cols 441
declarados filas y columnas
Done
todos los arreglos creados
[2.939214]
[2.939214]
[3.357107]
[4.818243]
[4.818243]
[4.818243]
[5.136485]
[4.464213]
[4.464213]
[5.189214]
[4.464213]
[4.464213]
[4.157107]
[4.157107]
[4.157107]
[4.882107]
[4.932012]
[5.657012]
[5.682107]
[4.957107]
[4.957107]
[4.957107]
[5.682107]
[5.682107]
[5.682107]
[5.989213]
[6.343243]
[6.543242]
[6.543242]
[6.143243]
[5.932012]
[5.532012]
[5.532012]
[5.532012]
[5.757107]
[5.757107]
[5.757107]
[5.757107]
[5.757107]
[5.932012]
[5.932012]
[6.132012]
[6.132012]
[6.132012]
[6.132012]
[7.932107]
[7.932107]
[7.932107]
[7.207107]
[7.407107]
[7.207107]
[7.282107]
[6.557107]
[6.557107]
[6.557107]
[6.557107]
[6.757107]
[6.557107]
[7.282107]
[7.282107]
[7.282107]
[6.732012]
[6.332012]
[6.332012]
[6.532012]
[6.532012]
[6.532012]
[7.514214]
[8.239214]
[6.932012]
[6.932012]
[6.932012]
[6.932012]
[6.932012]
[6.732012]
[6.732012]
[6.932012]
[6.932012]
[7.343243]
[7.332012]
[7.332012]
[7.332012]
[8.082108]
[8.082108]
[7.357108]
[7.357108]
[8.082108]
[7.357108]
[7.357108]
[7.557107]
[7.357108]
[7.357108]
[7.332012]
[7.132012]
[7.332012]
[7.332012]
[7.332012]
[7.732012]
[7.732012]
[7.732012]
[7.732012]
[7.732012]
[7.732012]
[7.732012]
[7.532012]
[7.532012]
[8.007107]
[9.532107]
[9.532107]
[8.807107]
[8.132012]
[8.132012]
[8.132012]
[8.132012]
[8.132012]
[8.132012]
[8.132012]
[8.132012]
[8.157107]
[8.157107]
[8.157107]
[8.157107]
[8.157107]
[8.157107]
[8.157107]
[8.157107]
[8.882108]
[8.882108]
[8.882108]
[8.132012]
[7.932013]
[8.132012]
[8.532012]
[8.532012]
[8.532012]
[8.532012]
[8.532012]
[8.532012]
[8.532012]
[8.532013]
[8.332012]
[8.532013]
[9.607107]
[10.332108]
[9.607107]
[10.332108]
[8.932013]
[8.932013]
[8.932013]
[8.932013]
[8.932013]
[8.932013]
[8.932013]
[8.932013]
[8.932013]
[8.932013]
[8.932013]
[9.682107]
[8.957108]
[8.957108]
[8.957108]
[9.682107]
[8.957108]
[8.957108]
[8.957108]
[8.957108]
[8.957108]
[8.957108]
[9.682107]
[8.932013]
[8.732012]
[8.932013]
[9.332012]
[9.332012]
[9.332012]
[9.332012]
[9.332012]
[9.332012]
[9.332012]
[9.332013]
[9.332012]
[9.132011]
[9.132011]
[10.407107]
[10.407107]
[9.732013]
[9.732013]
[9.732013]
[9.732013]
[9.732013]
[9.732013]
[9.732013]
[9.732013]
[9.732013]
[9.732013]
[9.732013]
[9.732013]
[9.732013]
[9.732013]
[9.757108]
[9.757108]
[9.757108]
[9.757108]
[10.482107]
[9.757108]
[9.757108]
[9.757108]
[9.757108]
[9.757108]
[9.757108]
[9.757108]
[10.482107]
[9.732012]
[9.732012]
[9.532011]
[9.732012]
[9.732012]
[10.132012]
[10.132012]
[10.132012]
[10.132012]
[10.132012]
[10.132012]
[10.132012]
[10.132012]
[10.132013]
[10.132011]
[9.932011]
[10.132011]
[11.207107]
[11.207107]
[10.532012]
[10.532012]
[10.532013]
[10.532013]
[10.532013]
[10.532013]
[11.257012]
[11.257012]
[10.532013]
[10.532013]
[10.532013]
[10.532013]
[10.532013]
[10.532013]
[10.532013]
[10.532013]
[10.532013]
[10.557108]
[10.557108]
[10.557108]
[10.557108]
[10.557108]
[10.557108]
[10.557108]
[10.557108]
[10.557108]
[10.557108]
[10.557108]
[10.557108]
[10.557108]
[11.282107]
[10.532011]
[10.332010]
[10.532011]
[10.932012]
[10.932012]
[10.932013]
[10.932013]
[10.932013]
[10.932013]
[10.932013]
[10.932013]
[10.932013]
[10.932013]
[10.932014]
[10.932011]
[10.732010]
[10.732010]
[12.007107]
[11.332011]
[11.332011]
[11.332012]
[11.332012]
[11.332013]
[11.332013]
[11.332013]
[11.332013]
[11.332013]
[11.332013]
[12.057013]
[12.057013]
[11.332013]
[11.332013]
[11.332013]
[11.332013]
[11.332013]
[11.332013]
[11.332013]
[11.332013]
[11.332013]
[11.357108]
[11.357108]
[11.357108]
[11.357108]
[11.357108]
[11.357108]
[11.357108]
[11.357108]
[11.357108]
[11.357108]
[11.357108]
[11.357108]
[11.357108]
[12.082108]
[12.082108]
[11.332010]
[11.332010]
[11.132010]
[11.332010]
[11.332010]
[11.732011]
[11.732012]
[11.732013]
[11.732013]
[11.732013]
[11.732013]
[11.732013]
[11.732013]
[11.732013]
[11.732013]
[11.732014]
[11.532009]
[11.532009]
[11.732010]
[12.132010]
[12.132010]
[12.132010]
[12.132010]
[12.132012]
[12.132012]
[12.132013]
[12.132013]
[12.132013]
[12.132013]
[12.132013]
[12.132013]
[12.132013]
[12.132013]
[12.857013]
[12.857013]
[12.132013]
[12.132013]
[12.132013]
[12.132013]
[12.132013]
[12.132013]
[12.857013]
[12.132013]
[12.132013]
[12.157108]
[12.357108]
[12.157108]
[12.357108]
[12.157108]
[12.157108]
[12.157108]
[12.157108]
[12.157108]
[12.157108]
[12.157108]
[12.157108]
[12.157108]
[12.882108]
[12.132010]
[12.132010]
[11.932009]
[12.132010]
[12.132010]
[12.532010]
[12.532011]
[12.532012]
[12.532013]
[12.532013]
[12.532013]
[12.532013]
[12.532013]
[13.257012]
[13.257012]
[12.532013]
[12.532013]
[12.532014]
[12.332008]
[12.332008]
[12.532009]
[12.932010]
[12.932010]
[12.932010]
[12.932010]
[12.932011]
[12.932011]
[12.932011]
[12.932013]
[12.932013]
[12.932014]
[12.932014]
[12.932014]
[12.932014]
[12.932014]
[12.932014]
[12.932014]
[12.932014]
[12.932014]
[12.932014]
[13.657013]
[13.657013]
[13.657013]
[12.932014]
[12.932014]
[12.932014]
[12.932014]
[13.657013]
[13.657013]
[12.932014]
[12.932014]
[13.157108]
[13.607108]
[13.157108]
[13.157108]
[13.157108]
[12.957108]
[12.957108]
[12.957108]
[12.957108]
[12.957108]
[12.957108]
[12.957108]
[13.682108]
[12.932009]
[12.932009]
[12.732008]
[12.932009]
[12.932009]
[12.932009]
[14.082108]
[14.007108]
[13.332009]
[13.332010]
[13.332012]
[13.332013]
[13.332013]
[13.332013]
[13.332013]
[13.332013]
[14.057013]
[14.057013]
[13.332013]
[13.332013]
[13.332014]
[13.132008]
[13.132008]
[13.332008]
[13.732009]
[13.732009]
[13.732009]
[13.732009]
[13.732009]
[13.932010]
[13.932010]
[14.457010]
[13.732011]
[13.732013]
[13.732013]
[13.732014]
[13.732014]
[13.732014]
[13.732014]
[13.732014]
[13.732014]
[13.732014]
[13.732014]
[13.732014]
[13.732014]
[13.732014]
[13.732014]
[14.457013]
[14.457013]
[13.732014]
[13.732014]
[13.732014]
[13.732014]
[14.457013]
[14.457013]
[13.732014]
[13.732014]
[13.957108]
[13.757109]
[13.757109]
[13.757109]
[13.757109]
[13.757109]
[13.757109]
[13.757109]
[13.732008]
[13.732008]
[13.532007]
[13.732008]
[13.732008]
[13.732008]
[14.807108]
[14.357108]
[14.807108]
[14.357108]
[14.357108]
[14.132009]
[14.132010]
[14.132013]
[14.132013]
[14.132013]
[14.132013]
[14.857013]
[14.857013]
[14.857013]
[14.132013]
[14.132013]
[14.132014]
[14.132008]
[13.932007]
[14.132008]
[15.182013]
[15.257008]
[14.532008]
[15.257008]
[14.532008]
[14.532008]
[14.532008]
[14.532009]
[14.532009]
[14.532013]
[14.532013]
[14.532014]
[14.532014]
[14.532014]
[14.732014]
[14.532014]
[14.532014]
[14.532014]
[14.532014]
[14.532014]
[14.532014]
[14.532014]
[14.532014]
[14.532014]
[14.532014]
[14.532014]
[15.257013]
[15.257013]
[14.532014]
[14.532014]
[14.532014]
[14.532014]
[15.257013]
[15.257013]
[14.532014]
[14.532014]
[15.282108]
[15.282108]
[14.557109]
[14.557109]
[14.557109]
[14.557109]
[14.557109]
[14.557109]
[14.332006]
[14.332006]
[14.532007]
[15.157108]
[14.932008]
[14.932008]
[14.932009]
[15.657013]
[15.657013]
[15.657013]
[15.657013]
[15.657013]
[15.657013]
[14.932014]
[14.932014]
[14.932014]
[14.932007]
[14.932007]
[14.732006]
[14.932007]
[14.932007]
[15.557108]
[15.557108]
[15.557108]
[15.557108]
[15.982013]
[15.532007]
[16.057009]
[15.332008]
[16.057009]
[15.332008]
[15.332008]
[15.332008]
[15.332009]
[15.332014]
[15.332014]
[16.057014]
[15.532014]
[15.332014]
[15.332014]
[15.332014]
[15.332014]
[15.332014]
[15.332014]
[15.332014]
[15.332014]
[15.332014]
[15.332014]
[15.332014]
[15.332014]
[16.057014]
[16.057014]
[15.332014]
[15.332014]
[15.332014]
[15.332014]
[16.057014]
[16.057014]
[15.332014]
[15.332014]
[15.557109]
[15.357109]
[15.357109]
[15.357109]
[15.357109]
[15.357109]
[15.132006]
[15.132006]
[15.332006]
[16.907108]
[16.457108]
[17.107014]
[17.107014]
[15.732007]
[15.732007]
[15.732007]
[15.732007]
[15.932008]
[15.732009]
[15.732014]
[15.732014]
[15.732006]
[15.732006]
[15.532005]
[15.532005]
[15.732006]
[15.532005]
[16.882109]
[16.882109]
[16.882109]
[16.782013]
[16.132006]
[16.132008]
[16.132008]
[16.857008]
[16.132008]
[16.132008]
[16.132013]
[16.132013]
[16.132013]
[16.132013]
[16.132013]
[16.132013]
[16.132013]
[16.132013]
[16.132013]
[16.132013]
[16.132013]
[16.132013]
[16.132013]
[16.132013]
[16.857014]
[16.132013]
[16.132013]
[16.132013]
[16.132013]
[16.132013]
[16.857014]
[16.132013]
[16.332014]
[16.357109]
[16.357109]
[16.157108]
[16.157108]
[16.157108]
[16.857006]
[16.332005]
[16.132006]
[15.932005]
[15.932005]
[16.557108]
[17.282108]
[17.282108]
[17.282108]
[16.757109]
[17.907013]
[17.182013]
[17.182013]
[17.382013]
[17.182013]
[17.182013]
[17.182013]
[17.382013]
[16.532005]
[16.532005]
[17.257006]
[16.732014]
[16.532013]
[16.532005]
[16.532005]
[16.332005]
[16.532005]
[18.307014]
[17.582014]
[17.132006]
[16.932007]
[16.932007]
[16.932007]
[16.932007]
[16.932013]
[17.657013]
[17.657013]
[17.657013]
[16.932013]
[16.932013]
[17.132013]
[17.132013]
[16.932013]
[16.932013]
[16.932013]
[16.932013]
[16.932013]
[16.932013]
[16.932013]
[16.932013]
[17.657013]
[17.657013]
[16.932013]
[16.932013]
[16.932013]
[16.932013]
[17.657013]
[17.657013]
[16.932013]
[17.157108]
[17.157108]
[16.957108]
[18.057005]
[16.732004]
[16.932005]
[17.332014]
[17.557110]
[17.557110]
[17.657108]
[17.657108]
[18.057005]
[18.057005]
[17.332005]
[17.332005]
[17.332005]
[17.332005]
[17.332005]
[17.332012]
[17.332012]
[17.332012]
[17.557108]
[18.082108]
[18.082108]
[18.082108]
[17.557108]
[17.132004]
[17.332005]
[17.957109]
[17.957109]
[19.032005]
[19.132109]
[19.132109]
[17.732004]
[17.932007]
[17.932007]
[17.932007]
[18.457006]
[17.732012]
[17.732012]
[17.732012]
[17.732012]
[17.732012]
[17.732012]
[17.732012]
[17.732012]
[17.732012]
[18.457012]
[18.457012]
[18.457012]
[17.732012]
[17.732012]
[17.732012]
[18.457012]
[18.457012]
[17.732012]
[17.957108]
[17.732004]
[17.532003]
[17.732004]
[18.332006]
[18.357109]
[18.357109]
[17.982012]
[17.982012]
[17.982012]
[18.182013]
[18.182013]
[17.982012]
[17.982012]
[17.982012]
[18.982006]
[19.007109]
[18.332005]
[18.332005]
[18.132004]
[18.132004]
[18.132004]
[18.132004]
[18.132004]
[18.132004]
[18.132004]
[18.132011]
[18.132011]
[18.132011]
[18.257004]
[18.032003]
[17.932003]
[18.557110]
[18.757111]
[19.182013]
[19.907013]
[18.532003]
[18.657003]
[18.532003]
[18.532011]
[18.532011]
[19.257011]
[18.532011]
[18.732012]
[18.532011]
[18.532011]
[18.532011]
[18.532011]
[18.532011]
[18.532011]
[19.257011]
[19.257011]
[19.257011]
[19.257011]
[19.257011]
[19.257011]
[18.532011]
[18.532011]
[19.182003]
[18.432003]
[18.332003]
[19.132008]
[19.132008]
[19.657007]
[19.157108]
[19.157110]
[18.957109]
[19.507011]
[19.507011]
[18.782011]
[18.982012]
[18.982012]
[18.982012]
[18.782011]
[18.782011]
[18.782011]
[19.382004]
[19.782005]
[19.782005]
[19.782005]
[19.607107]
[20.332108]
[20.332108]
[19.807108]
[19.807108]
[19.807108]
[18.832005]
[18.932003]
[18.932003]
[18.932003]
[18.932003]
[18.932003]
[18.932003]
[18.932003]
[18.932011]
[18.932011]
[18.932011]
[19.832005]
[19.132002]
[18.832003]
[18.732002]
[18.932003]
[19.532005]
[19.982004]
[19.982004]
[19.557110]
[19.557110]
[19.782003]
[20.707006]
[19.982012]
[19.332003]
[19.332010]
[19.332010]
[19.332010]
[19.332010]
[19.332010]
[19.332010]
[19.332010]
[19.332010]
[19.332010]
[19.332010]
[19.332010]
[19.332010]
[20.057011]
[19.332010]
[19.332010]
[19.332010]
[19.557110]
[19.557110]
[19.707003]
[21.432003]
[19.532001]
[19.132002]
[19.132002]
[19.332003]
[19.332003]
[20.307011]
[19.582010]
[19.582010]
[19.582010]
[19.582010]
[19.582010]
[20.182003]
[19.432005]
[19.432005]
[19.657005]
[19.732002]
[19.732002]
[19.732002]
[19.732002]
[19.732002]
[19.732002]
[19.732002]
[19.732002]
[19.732010]
[19.732010]
[19.732010]
[19.957109]
[19.957109]
[19.957109]
[20.182007]
[20.632006]
[20.182013]
[20.782001]
[19.932001]
[19.732002]
[19.532001]
[19.532001]
[19.732002]
[19.732002]
[20.332008]
[20.332008]
[20.357109]
[21.282003]
[20.782011]
[20.782011]
[20.782011]
[20.782011]
[20.782011]
[20.132002]
[20.857010]
[20.857010]
[20.132010]
[20.132010]
[20.132010]
[20.132010]
[20.132010]
[20.132010]
[20.132010]
[20.132010]
[20.132010]
[20.132010]
[20.132010]
[20.132010]
[20.857010]
[20.857010]
[20.857010]
[20.132010]
[20.132010]
[21.482004]
[20.782005]
[20.032005]
[20.032005]
[20.782005]
[20.782005]
[21.757011]
[21.182001]
[20.332001]
[20.132002]
[19.932001]
[19.932001]
[20.132002]
[20.132002]
[21.182005]
[20.757111]
[20.757111]
[20.757111]
[20.757111]
[20.382010]
[20.382010]
[20.382010]
[20.382010]
[20.382010]
[20.382010]
[21.382008]
[20.532001]
[20.532001]
[20.532001]
[20.532001]
[20.532001]
[20.532001]
[20.532001]
[20.532001]
[20.532001]
[20.532001]
[20.732002]
[20.532001]
[20.532009]
[20.532009]
[21.882004]
[21.507006]
[21.507006]
[21.007109]
[21.007109]
[21.007109]
[21.007109]
[23.132004]
[21.582001]
[21.257002]
[20.532001]
[20.332001]
[20.332001]
[20.732000]
[20.732000]
[21.157110]
[21.607109]
[21.382006]
[20.857006]
[20.532005]
[21.382006]
[22.582005]
[21.582010]
[21.582003]
[21.132002]
[20.932001]
Comienza a copiar
Termina de copiar
Cuda execution finished
