Friction Map: Clip_Fricc_25.tif
Is Relative?: 0
100
Min: 0.400000	Max:999999.000000
NEW 2nd Max Val: 0.800000
NEW 2nd Max Val: 2.250000
The Second Max Val Is: 2.250000
Avg Frict: 55728.179688
100.000000
Min: 0.400000	Max:999999.000000
32618
Source = 
TIFF to matrix = 0.020000 secs.
creo la matriz de output[8.882108]
[3.125000]
[4.169975]
[4.656371]
[9.795372]
[4.173528]
[5.125000]
[6.660082]
[8.882108]
[3.125000]
[3.614949]
[4.656371]
[9.795372]
[4.573528]
[5.456371]
[5.860082]
[8.882108]
[3.125000]
[3.349264]
[4.656371]
[9.795372]
[4.973528]
[5.856371]
[5.060082]
[9.682107]
[3.125000]
[3.349264]
[4.690685]
[10.195372]
[5.373528]
[6.256371]
[4.260082]
[10.482107]
[3.525000]
[3.349264]
[4.856371]
[10.995372]
[6.173529]
[7.056371]
[3.461619]
[11.282107]
[3.525000]
[3.349264]
[4.890686]
[11.098529]
[6.573529]
[7.456371]
[3.073238]
[12.082108]
[3.632107]
[3.349264]
[5.690686]
[11.098529]
[6.973529]
[7.856371]
[2.096215]
[12.532011]
[3.307107]
[4.298528]
[7.215686]
[10.773529]
[6.648529]
[7.531372]
[1.942430]
[12.932011]
[3.707107]
[4.815686]
[8.015686]
[11.173529]
[7.048529]
[7.931372]
[2.742430]
[13.732009]
[4.507107]
[5.615685]
[8.815686]
[11.973527]
[7.848529]
[8.731372]
[3.542430]
[13.732008]
[4.507107]
[6.415686]
[9.615685]
[11.973526]
[7.848529]
[8.731372]
[4.342431]
[13.732008]
[4.507107]
[7.098528]
[9.615685]
[11.973526]
[7.848529]
[8.731372]
[4.742431]
[13.732008]
[4.507107]
[7.098528]
[9.615685]
[11.973526]
[7.848529]
[8.731372]
[4.742431]
[14.132008]
[4.907107]
[7.498528]
[10.015685]
[12.373526]
[8.248529]
[9.131371]
[5.142431]
[14.332006]
[5.107107]
[7.698529]
[10.215684]
[12.573524]
[8.448529]
[9.331370]
[5.342431]
[14.732006]
[5.507107]
[8.098529]
[10.615684]
[12.973524]
[8.848529]
[9.731370]
[5.742431]
[15.132006]
[5.907107]
[8.498528]
[11.015683]
[13.373524]
[9.248528]
[10.131370]
[6.142431]
[15.332006]
[6.107107]
[8.698528]
[11.215683]
[13.573524]
[9.448528]
[10.331369]
[6.342431]
[7.332012]
[5.200001]
[9.139950]
[7.781371]
[8.670372]
[1.827297]
[4.000000]
[9.542432]
[6.932012]
[4.400001]
[8.339950]
[6.981371]
[8.670372]
[1.292094]
[4.000000]
[8.742432]
[6.932012]
[4.000000]
[7.939950]
[6.581371]
[8.670372]
[0.800000]
[4.000000]
[8.342431]
[6.732012]
[3.400000]
[7.339950]
[5.981371]
[8.470371]
[0.848528]
[3.800000]
[7.742431]
[7.132012]
[3.000000]
[6.939950]
[5.981371]
[8.070372]
[1.248528]
[3.400000]
[7.342431]
[7.532012]
[2.600000]
[6.539949]
[5.981371]
[8.070372]
[1.648528]
[3.400000]
[6.942431]
[8.132012]
[2.400000]
[6.339949]
[6.181371]
[8.270372]
[2.248528]
[3.600000]
[6.742431]
[8.532013]
[2.000000]
[5.694975]
[6.181371]
[8.270372]
[2.648528]
[3.600000]
[6.342431]
[8.932013]
[1.600000]
[5.139949]
[6.181371]
[8.270372]
[3.048528]
[3.931371]
[5.942430]
[9.332012]
[1.600000]
[4.874264]
[6.181371]
[8.270372]
[3.448528]
[4.331371]
[5.942430]
[9.732012]
[1.600000]
[4.874264]
[6.181371]
[8.670372]
[3.848528]
[4.731371]
[5.542430]
[10.407107]
[2.000000]
[4.874264]
[6.181371]
[9.470372]
[4.648529]
[5.531371]
[4.986619]
[10.932012]
[2.000000]
[4.874264]
[6.215685]
[9.573529]
[5.048529]
[5.931371]
[4.342431]
[11.332011]
[2.107107]
[4.874264]
[6.381371]
[9.573529]
[5.448529]
[6.331371]
[3.542430]
[11.732011]
[2.507107]
[4.874264]
[6.415686]
[9.973529]
[5.848529]
[6.731371]
[2.742430]
[12.132010]
[2.907107]
[4.874264]
[7.215686]
[10.373528]
[6.248529]
[7.131371]
[2.742430]
[12.932009]
[3.707107]
[5.098528]
[8.015686]
[11.173527]
[7.048529]
[7.931372]
[2.742430]
[12.932009]
[3.707107]
[5.615686]
[8.815686]
[11.173527]
[7.048529]
[7.931372]
[3.542430]
[12.932009]
[3.707107]
[6.298528]
[8.815686]
[11.173527]
[7.048529]
[7.931372]
[3.942430]
[13.132008]
[3.907107]
[6.498528]
[9.015685]
[11.373526]
[7.248529]
[8.131371]
[4.142431]
[13.532007]
[4.307107]
[6.898529]
[9.415685]
[11.773525]
[7.648530]
[8.531371]
[4.542431]
[13.932007]
[4.707107]
[7.298529]
[9.815684]
[12.173525]
[8.048530]
[8.931371]
[4.942431]
[14.332006]
[5.107107]
[7.698529]
[10.215684]
[12.573524]
[8.448529]
[9.331370]
[5.342431]
[14.932007]
[5.707107]
[8.298529]
[10.815684]
[13.173525]
[9.048530]
[9.931371]
[5.942431]
[15.332006]
[6.107107]
[8.698529]
[11.215684]
[13.573524]
[9.448529]
[10.331370]
[6.342431]
[15.332006]
[6.107107]
[8.698528]
[11.215683]
[13.573524]
[9.448528]
[10.331369]
[6.342431]
[7.732012]
[5.200001]
[9.139950]
[7.781371]
[7.870372]
[1.827297]
[3.200000]
[9.542432]
[7.732012]
[4.800001]
[8.739949]
[7.381371]
[7.870372]
[1.027297]
[3.200000]
[9.142431]
[7.332012]
[4.000000]
[7.939950]
[6.581371]
[7.870372]
[0.000000]
[3.200000]
[8.342431]
[7.332012]
[3.600000]
[7.539949]
[6.581371]
[7.870372]
[0.824264]
[3.200000]
[7.942431]
[7.332012]
[3.200000]
[7.139949]
[6.581371]
[7.870372]
[1.448528]
[3.200000]
[7.542431]
[7.532012]
[2.600000]
[6.539949]
[6.381371]
[7.670372]
[1.648528]
[3.000000]
[6.942431]
[7.932013]
[2.200000]
[6.139949]
[6.381371]
[7.670372]
[2.048528]
[3.000000]
[6.542431]
[8.332012]
[1.800000]
[5.739949]
[6.781371]
[7.670372]
[2.448528]
[3.331371]
[6.142431]
[8.732012]
[1.400000]
[5.474264]
[6.781371]
[7.670372]
[2.848528]
[3.731371]
[5.742431]
[9.132011]
[1.000000]
[5.474264]
[6.781371]
[8.070372]
[3.248528]
[4.131371]
[5.342431]
[9.732012]
[1.200000]
[5.674264]
[6.981371]
[8.670372]
[3.848528]
[4.731371]
[5.142430]
[10.132011]
[1.200000]
[5.674264]
[6.981371]
[8.773529]
[4.248528]
[5.131371]
[4.742430]
[10.532011]
[1.307107]
[5.674264]
[6.981371]
[8.773529]
[4.648529]
[5.531371]
[4.342431]
[10.932011]
[1.707107]
[5.674264]
[7.015686]
[9.173529]
[5.048529]
[5.931371]
[3.542430]
[11.332010]
[2.107107]
[5.674264]
[7.181371]
[9.573528]
[5.448529]
[6.331371]
[3.542430]
[12.132010]
[2.907107]
[5.674264]
[7.215686]
[10.373528]
[6.248529]
[7.131371]
[3.542430]
[12.132010]
[2.907107]
[5.674264]
[8.015686]
[10.373528]
[6.248529]
[7.131371]
[3.542430]
[12.332008]
[3.107107]
[5.698528]
[8.215686]
[10.573526]
[6.448529]
[7.331372]
[3.342431]
[12.732008]
[3.507107]
[6.098528]
[8.615685]
[10.973526]
[6.848529]
[7.731372]
[3.742431]
[13.132008]
[3.907107]
[6.498528]
[9.015685]
[11.373526]
[7.248529]
[8.131371]
[4.142431]
[13.732008]
[4.507107]
[7.098528]
[9.615685]
[11.973526]
[7.848529]
[8.731372]
[4.742431]
[14.132008]
[4.907107]
[7.498528]
[10.015685]
[12.373526]
[8.248529]
[9.131371]
[5.142431]
[14.532007]
[5.307107]
[7.898529]
[10.415685]
[12.773525]
[8.648530]
[9.531371]
[5.542431]
[14.932007]
[5.707107]
[8.298529]
[10.815684]
[13.173525]
[9.048530]
[9.931371]
[5.942431]
[15.732005]
[6.507107]
[9.098528]
[11.615683]
[13.973523]
[9.848528]
[10.731369]
[6.742431]
[15.332006]
[6.107107]
[8.698528]
[11.215683]
[13.573524]
[9.448528]
[10.331369]
[6.342431]
[8.532012]
[5.600001]
[9.539949]
[8.181371]
[7.070372]
[1.827297]
[2.904594]
[9.942431]
[8.132012]
[4.800001]
[8.739949]
[7.381371]
[7.070372]
[1.254594]
[2.400000]
[9.142431]
[8.132012]
[4.400001]
[8.339950]
[7.381371]
[7.070372]
[0.974264]
[2.400000]
[8.742431]
[8.132012]
[4.000000]
[7.939950]
[7.381371]
[7.070372]
[1.148528]
[2.400000]
[8.342431]
[8.132012]
[3.200000]
[7.139949]
[6.981371]
[7.070372]
[1.624264]
[2.400000]
[7.542431]
[8.132012]
[2.800000]
[6.739949]
[6.981371]
[7.070372]
[2.248528]
[2.400000]
[7.142431]
[8.132012]
[2.400000]
[6.339949]
[6.981371]
[7.070372]
[2.248528]
[2.731371]
[6.742431]
[8.532013]
[2.000000]
[6.074264]
[6.981371]
[7.070372]
[2.648528]
[3.365685]
[6.342431]
[8.932013]
[1.600000]
[6.074264]
[7.381371]
[7.775001]
[3.048528]
[3.931371]
[5.942430]
[9.132011]
[1.003001]
[5.874264]
[7.181371]
[8.070372]
[3.248528]
[4.131371]
[5.342431]
[9.532011]
[0.600000]
[5.874264]
[7.181371]
[8.173529]
[3.648529]
[4.531371]
[4.942430]
[9.932011]
[0.707107]
[6.274264]
[7.581371]
[8.173529]
[4.048529]
[4.931371]
[4.542430]
[10.332010]
[1.107107]
[6.274264]
[7.581371]
[8.573528]
[4.448529]
[5.331371]
[4.142430]
[10.732010]
[1.507107]
[6.274264]
[7.581371]
[8.973528]
[4.848529]
[5.731371]
[4.142430]
[11.332010]
[2.107107]
[6.474265]
[7.815686]
[9.573528]
[5.448529]
[6.331371]
[4.342431]
[11.532009]
[2.307107]
[6.274264]
[7.781371]
[9.773527]
[5.648529]
[6.531372]
[4.142430]
[11.932009]
[2.707107]
[6.098528]
[7.815686]
[10.173527]
[6.048529]
[6.931372]
[3.742431]
[12.332008]
[3.107107]
[6.098528]
[8.215686]
[10.573526]
[6.448529]
[7.331372]
[3.742431]
[12.932009]
[3.707107]
[6.298528]
[8.815686]
[11.173527]
[7.048529]
[7.931372]
[3.942430]
[13.332008]
[4.107107]
[6.698528]
[9.215686]
[11.573526]
[7.448529]
[8.331372]
[4.342431]
[13.732008]
[4.507107]
[7.098528]
[9.615685]
[11.973526]
[7.848529]
[8.731372]
[4.742431]
[14.532008]
[5.307107]
[7.898529]
[10.415686]
[12.773526]
[8.648529]
[9.531372]
[5.542431]
[14.932008]
[5.707107]
[8.298529]
[10.815685]
[13.173526]
[9.048530]
[9.931372]
[5.942431]
[15.532007]
[6.307107]
[8.898529]
[11.415685]
[13.773525]
[9.648530]
[10.531371]
[6.542431]
[15.732005]
[6.507107]
[9.098528]
[11.615683]
[13.973523]
[9.848528]
[10.731369]
[6.742431]
[15.332006]
[6.107107]
[8.698528]
[11.215683]
[13.573524]
[9.448528]
[10.331369]
[6.342431]
[8.932013]
[5.600001]
[9.539949]
[8.181371]
[6.270372]
[2.054594]
[2.644975]
[9.942431]
[8.932013]
[5.200001]
[9.139950]
[8.181371]
[6.270372]
[1.774264]
[2.104594]
[9.542431]
[8.932013]
[4.800001]
[8.739949]
[8.181371]
[6.270372]
[1.774264]
[1.600000]
[9.142431]
[8.932013]
[4.000000]
[7.939950]
[7.781371]
[6.270372]
[1.774264]
[1.600000]
[8.342431]
[8.932013]
[3.600000]
[7.539949]
[7.781371]
[6.270372]
[1.948528]
[1.600000]
[7.942431]
[8.932013]
[3.200000]
[7.139949]
[7.781371]
[6.270372]
[2.424264]
[1.931371]
[7.542431]
[8.932013]
[2.800000]
[6.874264]
[7.781371]
[6.270372]
[3.048528]
[2.565686]
[7.142431]
[8.932013]
[2.400000]
[6.874264]
[7.781371]
[6.975001]
[3.048528]
[3.365685]
[6.742431]
[9.332013]
[1.603001]
[6.474264]
[7.781371]
[7.573529]
[3.448528]
[4.165686]
[5.942430]
[9.732012]
[1.018458]
[6.474264]
[7.781371]
[7.573529]
[3.848528]
[4.731371]
[5.542430]
[9.732012]
[0.000000]
[6.474264]
[7.781371]
[7.573529]
[3.848528]
[4.731371]
[5.142430]
[10.132011]
[0.753553]
[6.474264]
[7.781371]
[8.373528]
[4.248528]
[5.131371]
[4.742430]
[10.532011]
[1.307107]
[6.874264]
[8.181371]
[8.773529]
[4.648529]
[5.531371]
[4.742430]
[10.732010]
[1.507107]
[6.674264]
[7.981371]
[8.973528]
[4.848529]
[5.731371]
[4.542430]
[11.132010]
[1.907107]
[6.674264]
[7.981371]
[9.373528]
[5.248529]
[6.131371]
[4.542430]
[11.532009]
[2.307107]
[6.498528]
[8.181371]
[9.773527]
[5.648529]
[6.531372]
[4.142431]
[12.132010]
[2.907107]
[6.698528]
[8.381371]
[10.373528]
[6.248529]
[7.131371]
[4.342431]
[12.532009]
[3.307107]
[6.698528]
[8.415686]
[10.773527]
[6.648529]
[7.531372]
[4.342431]
[12.932009]
[3.707107]
[6.698528]
[8.815686]
[11.173527]
[7.048529]
[7.931372]
[4.342431]
[13.732009]
[4.507107]
[7.098528]
[9.615686]
[11.973527]
[7.848529]
[8.731372]
[4.742431]
[14.132009]
[4.907107]
[7.498528]
[10.015686]
[12.373527]
[8.248529]
[9.131372]
[5.142431]
[14.532008]
[5.307107]
[7.898529]
[10.415686]
[12.773526]
[8.648529]
[9.531372]
[5.542431]
[15.332008]
[6.107108]
[8.698528]
[11.215686]
[13.573526]
[9.448529]
[10.331372]
[6.342431]
[15.932008]
[6.707107]
[9.298529]
[11.815685]
[14.173526]
[10.048530]
[10.931372]
[6.942431]
[-9999.000000]
[-9999.000000]
[-9999.000000]
[-9999.000000]
[-9999.000000]
[-9999.000000]
[-9999.000000]
[-9999.000000]
[15.332006]
[6.107107]
[8.698528]
[11.215683]
[13.573524]
[9.448528]
[10.331369]
[6.342431]
[9.732013]
[6.000001]
[9.939950]
[8.981371]
[5.470372]
[2.574264]
[2.644975]
[10.342431]
[9.732013]
[5.600001]
[9.539949]
[8.981371]
[5.470372]
[2.574264]
[1.844975]
[9.942431]
[9.732013]
[4.800001]
[8.739949]
[8.581371]
[5.470372]
[2.574264]
[1.304594]
[9.142431]
[9.732013]
[4.400000]
[8.339950]
[8.581371]
[5.470372]
[2.574264]
[0.800000]
[8.742431]
[9.732013]
[4.000000]
[7.939950]
[8.581371]
[5.470372]
[2.574264]
[1.131371]
[8.342431]
[9.732013]
[3.600000]
[7.674264]
[8.581371]
[5.470372]
[2.748528]
[1.765686]
[7.942431]
[9.732013]
[3.200000]
[7.674264]
[8.581371]
[6.175001]
[3.224264]
[2.565686]
[7.542431]
[9.732013]
[2.403002]
[7.274264]
[8.581370]
[6.773529]
[3.848528]
[3.365685]
[6.742431]
[9.732013]
[1.818458]
[7.274264]
[8.581370]
[6.773529]
[3.848528]
[4.165686]
[6.342431]
[10.132013]
[1.236916]
[7.274264]
[8.581370]
[6.773529]
[4.248528]
[4.965686]
[5.942430]
[10.532012]
[0.949264]
[7.274264]
[8.581370]
[7.573529]
[4.648528]
[5.531371]
[5.542430]
[10.532012]
[1.098528]
[7.274264]
[8.581370]
[8.373528]
[4.648529]
[5.531371]
[5.542430]
[10.932012]
[1.553553]
[7.274264]
[8.581370]
[9.173529]
[5.048529]
[5.931371]
[5.142430]
[11.332010]
[2.107107]
[7.274264]
[8.581371]
[9.573528]
[5.448529]
[6.331371]
[5.142430]
[11.332010]
[2.107107]
[7.098528]
[8.581371]
[9.573528]
[5.448529]
[6.331371]
[4.742431]
[11.732010]
[2.507107]
[7.098528]
[8.581371]
[9.973528]
[5.848529]
[6.731371]
[4.742431]
[12.132010]
[2.907107]
[7.098528]
[8.781371]
[10.373528]
[6.248529]
[7.131371]
[4.742431]
[12.932010]
[3.707107]
[7.498528]
[9.181372]
[11.173528]
[7.048529]
[7.931372]
[5.142431]
[13.332009]
[4.107107]
[7.498528]
[9.215686]
[11.573527]
[7.448529]
[8.331371]
[5.142431]
[13.732009]
[4.507107]
[7.498528]
[9.615686]
[11.973527]
[7.848529]
[8.731372]
[5.142431]
[14.532009]
[5.307107]
[7.898529]
[10.415687]
[12.773527]
[8.648529]
[9.531372]
[5.542431]
[14.932009]
[5.707108]
[8.298529]
[10.815686]
[13.173527]
[9.048530]
[9.931373]
[5.942431]
[15.332008]
[6.107108]
[8.698528]
[11.215686]
[13.573526]
[9.448529]
[10.331372]
[6.342431]
[16.132008]
[6.907108]
[9.498528]
[12.015686]
[14.373527]
[10.248529]
[11.131372]
[7.142431]
[-9999.000000]
[-9999.000000]
[-9999.000000]
[-9999.000000]
[-9999.000000]
[-9999.000000]
[-9999.000000]
[-9999.000000]
[15.332006]
[6.107107]
[8.698528]
[11.215683]
[13.573524]
[9.448528]
[10.331369]
[6.342431]
[10.532013]
[6.400001]
[10.339950]
[9.781371]
[4.670372]
[3.374264]
[2.644975]
[10.742432]
[10.532013]
[5.600001]
[9.539949]
[9.381371]
[4.670372]
[3.374264]
[1.844975]
[9.942431]
[10.532013]
[5.200000]
[9.139950]
[9.381371]
[4.670372]
[3.374264]
[1.044975]
[9.542431]
[10.532013]
[4.800000]
[8.739949]
[9.381371]
[4.670372]
[3.374264]
[0.000000]
[9.142431]
[10.532013]
[4.400000]
[8.474264]
[9.381371]
[4.670372]
[3.374264]
[0.965685]
[8.742431]
[10.532013]
[4.000000]
[8.474264]
[9.381371]
[5.375000]
[3.374264]
[1.765686]
[8.342431]
[11.257012]
[3.928001]
[8.799264]
[10.106370]
[6.698528]
[4.273528]
[3.290686]
[8.267430]
[11.257012]
[3.343458]
[8.799264]
[10.106370]
[6.698528]
[4.749264]
[4.090685]
[7.867431]
[10.532013]
[2.036916]
[8.074265]
[9.381371]
[5.973528]
[4.648528]
[4.165686]
[6.742431]
[10.532013]
[1.749264]
[8.074265]
[9.381371]
[6.773529]
[4.648528]
[4.965686]
[6.342431]
[10.932014]
[1.749264]
[8.074265]
[9.381371]
[7.573529]
[5.048528]
[5.765686]
[6.342431]
[11.332012]
[1.749264]
[8.074265]
[9.381371]
[8.373528]
[5.448528]
[6.331371]
[5.942430]
[11.332012]
[1.898528]
[8.074265]
[9.381371]
[9.173529]
[5.448529]
[6.331371]
[5.942430]
[11.732012]
[2.353553]
[7.898529]
[9.381371]
[9.973529]
[5.848529]
[6.731371]
[5.542431]
[12.132010]
[2.907107]
[7.898529]
[9.381371]
[10.373528]
[6.248529]
[7.131371]
[5.542431]
[12.132010]
[2.907107]
[7.898529]
[9.381371]
[10.373528]
[6.248529]
[7.131371]
[5.542431]
[12.532010]
[3.307107]
[7.898529]
[9.381371]
[10.773528]
[6.648529]
[7.531372]
[5.542431]
[12.932010]
[3.707107]
[7.898529]
[9.581371]
[11.173528]
[7.048529]
[7.931372]
[5.542431]
[13.932010]
[4.707107]
[8.498528]
[10.181372]
[12.173528]
[8.048529]
[8.931372]
[6.142431]
[14.132010]
[4.907107]
[8.298529]
[10.015686]
[12.373528]
[8.248529]
[9.131371]
[5.942431]
[14.532009]
[5.307107]
[8.298529]
[10.415687]
[12.773527]
[8.648529]
[9.531372]
[5.942431]
[15.332009]
[6.107108]
[8.698528]
[11.215687]
[13.573527]
[9.448529]
[10.331372]
[6.342431]
[15.732009]
[6.507108]
[9.098529]
[11.615686]
[13.973527]
[9.848530]
[10.731373]
[6.742431]
[-9999.000000]
[-9999.000000]
[-9999.000000]
[-9999.000000]
[-9999.000000]
[-9999.000000]
[-9999.000000]
[-9999.000000]
[-9999.000000]
[-9999.000000]
[-9999.000000]
[-9999.000000]
[-9999.000000]
[-9999.000000]
[-9999.000000]
[-9999.000000]
[15.332006]
[6.107107]
[8.698528]
[11.215683]
[13.573524]
[9.448528]
[10.331369]
[6.342431]
[11.332013]
[6.400001]
[10.339950]
[10.181372]
[3.870371]
[4.174264]
[2.644975]
[10.742432]
[11.332013]
[6.000000]
[9.939950]
[10.181372]
[3.870371]
[4.174264]
[1.844975]
[10.342431]
[11.332013]
[5.600000]
[9.539949]
[10.181372]
[3.870371]
[4.174264]
[1.289949]
[9.942431]
[11.332013]
[5.200000]
[9.274264]
[10.181372]
[3.870371]
[4.174264]
[1.024264]
[9.542431]
[11.332013]
[4.800000]
[9.274264]
[10.181372]
[4.575000]
[4.174264]
[1.248528]
[9.142431]
[12.057013]
[5.161916]
[9.999264]
[10.906371]
[5.898528]
[4.899264]
[2.490685]
[9.867431]
[12.057013]
[4.361917]
[9.999264]
[10.906371]
[5.898528]
[4.899264]
[3.290686]
[9.067430]
[11.332013]
[2.836916]
[8.874265]
[10.181371]
[5.173528]
[5.448528]
[4.815686]
[7.542431]
[11.332013]
[2.549264]
[8.874265]
[10.181371]
[5.973528]
[5.448528]
[4.965686]
[7.142431]
[11.332013]
[2.549264]
[8.874265]
[10.181371]
[6.773529]
[5.448528]
[4.965686]
[7.142431]
[11.332013]
[2.549264]
[8.874265]
[10.181371]
[7.573529]
[5.448528]
[5.765686]
[6.742431]
[11.732014]
[2.549264]
[8.874265]
[10.181371]
[8.373528]
[5.848528]
[6.565686]
[6.742431]
[12.132012]
[2.549264]
[8.698528]
[10.181371]
[9.173529]
[6.248528]
[7.131371]
[6.342431]
[12.132012]
[2.698528]
[8.698528]
[10.181371]
[9.973529]
[6.248529]
[7.131371]
[6.342431]
[12.532012]
[3.153553]
[8.698528]
[10.181371]
[10.773529]
[6.648529]
[7.531372]
[6.342431]
[12.932011]
[3.707107]
[8.698528]
[10.181372]
[11.173529]
[7.048529]
[7.931372]
[6.342431]
[12.932011]
[3.707107]
[8.698528]
[10.181372]
[11.173529]
[7.048529]
[7.931372]
[6.342431]
[13.332010]
[4.107107]
[8.698528]
[10.181372]
[11.573528]
[7.448529]
[8.331371]
[6.342431]
[13.932010]
[4.707107]
[8.898529]
[10.581371]
[12.173528]
[8.048529]
[8.931372]
[6.542431]
[-9999.000000]
[-9999.000000]
[-9999.000000]
[-9999.000000]
[-9999.000000]
[-9999.000000]
[-9999.000000]
[-9999.000000]
[-9999.000000]
[-9999.000000]
[-9999.000000]
[-9999.000000]
[-9999.000000]
[-9999.000000]
[-9999.000000]
[-9999.000000]
[-9999.000000]
[-9999.000000]
[-9999.000000]
[-9999.000000]
[-9999.000000]
[-9999.000000]
[-9999.000000]
[-9999.000000]
[-9999.000000]
[-9999.000000]
[-9999.000000]
[-9999.000000]
[-9999.000000]
[-9999.000000]
[-9999.000000]
[-9999.000000]
[-9999.000000]
[-9999.000000]
[-9999.000000]
[-9999.000000]
[-9999.000000]
[-9999.000000]
[-9999.000000]
[-9999.000000]
[15.732005]
[6.507107]
[9.098528]
[11.615683]
[13.973523]
[9.848528]
[10.731369]
[6.742431]
[15.332006]
[6.107107]
[8.698528]
[11.215683]
[13.573524]
[9.448528]
[10.331369]
[6.342431]
[12.132013]
[6.800001]
[10.739950]
[10.981372]
[3.070371]
[4.974264]
[2.644975]
[11.142431]
[12.132013]
[6.400001]
[10.339950]
[10.981372]
[3.070371]
[4.974264]
[2.089949]
[10.742432]
[12.132013]
[6.000000]
[10.074265]
[10.981372]
[3.070371]
[4.974264]
[1.824264]
[10.342431]
[12.132013]
[5.600000]
[10.074265]
[10.981372]
[3.775000]
[4.974264]
[1.824264]
[9.942431]
[12.857013]
[5.961916]
[10.799264]
[11.706371]
[5.098528]
[5.699264]
[2.549264]
[10.667431]
[12.857013]
[5.161916]
[10.799264]
[11.706371]
[5.098528]
[5.699264]
[2.773528]
[9.867431]
[12.132013]
[3.636916]
[9.674265]
[10.981371]
[4.373528]
[6.248528]
[4.015686]
[8.342431]
[12.132013]
[3.349264]
[9.674265]
[10.981371]
[5.173528]
[6.248528]
[4.815686]
[7.942431]
[12.132013]
[3.349264]
[9.674265]
[10.981371]
[5.973528]
[6.248528]
[5.615686]
[7.942431]
[12.132013]
[3.349264]
[9.674265]
[10.981371]
[6.773529]
[6.248528]
[5.765686]
[7.542431]
[12.132013]
[3.349264]
[9.674265]
[10.981371]
[7.573529]
[6.248528]
[5.765686]
[7.542431]
[12.132013]
[3.349264]
[9.498528]
[10.981371]
[8.373528]
[6.248528]
[6.565686]
[7.142431]
[12.532014]
[3.349264]
[9.498528]
[10.981371]
[9.173529]
[6.648529]
[7.365686]
[7.142431]
[12.932013]
[3.349264]
[9.498528]
[10.981371]
[9.973529]
[7.048529]
[7.931372]
[7.142431]
[12.932013]
[3.498528]
[9.498528]
[10.981371]
[10.773529]
[7.048529]
[7.931372]
[7.142431]
[13.332012]
[3.953553]
[9.498528]
[10.981371]
[11.573529]
[7.448529]
[8.331371]
[7.142431]
[13.732011]
[4.507107]
[9.498528]
[10.981372]
[11.973529]
[7.848529]
[8.731372]
[7.142431]
[-9999.000000]
[-9999.000000]
[-9999.000000]
[-9999.000000]
[-9999.000000]
[-9999.000000]
[-9999.000000]
[-9999.000000]
[-9999.000000]
[-9999.000000]
[-9999.000000]
[-9999.000000]
[-9999.000000]
[-9999.000000]
[-9999.000000]
[-9999.000000]
[-9999.000000]
[-9999.000000]
[-9999.000000]
[-9999.000000]
[-9999.000000]
[-9999.000000]
[-9999.000000]
[-9999.000000]
[18.932003]
[9.707108]
[12.298529]
[14.815683]
[17.173523]
[13.048529]
[13.931370]
[9.942431]
[18.132004]
[8.907107]
[11.498528]
[14.015683]
[16.373524]
[12.248528]
[13.131370]
[9.142431]
[17.332005]
[8.107107]
[10.698528]
[13.215683]
[15.573524]
[11.448528]
[12.331369]
[8.342431]
[16.532005]
[7.307107]
[9.898528]
[12.415683]
[14.773523]
[10.648528]
[11.531369]
[7.542431]
[15.732005]
[6.507107]
[9.098528]
[11.615683]
[13.973523]
[9.848528]
[10.731369]
[6.742431]
[15.332006]
[6.107107]
[8.698528]
[11.215683]
[13.573524]
[9.448528]
[10.331369]
[6.342431]
[12.932014]
[7.200001]
[11.139950]
[11.781372]
[3.070371]
[5.774264]
[2.889949]
[11.542432]
[12.932014]
[6.800001]
[10.874265]
[11.781372]
[2.270371]
[5.774264]
[2.624264]
[11.142431]
[13.657013]
[7.125000]
[11.599264]
[12.506371]
[2.250000]
[6.499264]
[3.349264]
[11.467431]
[13.657013]
[6.761917]
[11.599264]
[12.506371]
[3.181980]
[6.499264]
[3.349264]
[11.467431]
[13.657013]
[5.961916]
[11.599264]
[12.506371]
[3.515990]
[6.499264]
[3.349264]
[10.667431]
[12.932014]
[4.436916]
[10.474265]
[11.781371]
[3.573528]
[7.048529]
[4.074264]
[9.142431]
[12.932014]
[4.149264]
[10.474265]
[11.781371]
[4.373528]
[7.048529]
[4.298528]
[8.742431]
[12.932014]
[4.149264]
[10.474265]
[11.781371]
[5.173528]
[7.048529]
[4.815686]
[8.742431]
[12.932014]
[4.149264]
[10.474265]
[11.781371]
[5.973528]
[7.048529]
[5.615686]
[8.342431]
[12.932014]
[4.149264]
[10.474265]
[11.781371]
[6.773529]
[7.048529]
[6.415686]
[8.342431]
[12.932014]
[4.149264]
[10.298529]
[11.781371]
[7.573529]
[7.048529]
[6.565686]
[7.942431]
[12.932014]
[4.149264]
[10.298529]
[11.781371]
[8.373528]
[7.048529]
[6.565686]
[7.942431]
[12.932014]
[4.149264]
[10.298529]
[11.781371]
[9.173529]
[7.048529]
[7.365686]
[7.942431]
[13.332014]
[4.149264]
[10.298529]
[11.781371]
[9.973529]
[7.448529]
[8.165687]
[7.942431]
[13.732013]
[4.149264]
[10.298529]
[11.781371]
[10.773529]
[7.848529]
[8.731372]
[7.942431]
[13.732013]
[4.298528]
[10.298529]
[11.781371]
[11.573529]
[7.848529]
[8.731372]
[7.942431]
[-9999.000000]
[-9999.000000]
[-9999.000000]
[-9999.000000]
[-9999.000000]
[-9999.000000]
[-9999.000000]
[-9999.000000]
[-9999.000000]
[-9999.000000]
[-9999.000000]
[-9999.000000]
[-9999.000000]
[-9999.000000]
[-9999.000000]
[-9999.000000]
[20.532001]
[11.307108]
[13.898529]
[16.415684]
[18.773521]
[14.648529]
[15.531370]
[11.542432]
[19.732002]
[10.507108]
[13.098529]
[15.615684]
[17.973522]
[13.848529]
[14.731370]
[10.742432]
[18.932003]
[9.707108]
[12.298529]
[14.815683]
[17.173523]
[13.048529]
[13.931370]
[9.942431]
[18.132004]
[8.907107]
[11.498528]
[14.015683]
[16.373524]
[12.248528]
[13.131370]
[9.142431]
[17.332005]
[8.107107]
[10.698528]
[13.215683]
[15.573524]
[11.448528]
[12.331369]
[8.342431]
[16.532005]
[7.307107]
[9.898528]
[12.415683]
[14.773523]
[10.648528]
[11.531369]
[7.542431]
[15.732005]
[6.507107]
[9.098528]
[11.615683]
[13.973523]
[9.848528]
[10.731369]
[6.742431]
[15.332006]
[6.107107]
[8.698528]
[11.215683]
[13.573524]
[9.448528]
[10.331369]
[6.342431]
[13.732014]
[7.600001]
[11.674265]
[12.581372]
[3.070371]
[6.574265]
[3.424264]
[11.942431]
[14.457013]
[8.325001]
[12.399264]
[13.306372]
[2.410790]
[7.299264]
[4.149264]
[12.667431]
[14.457013]
[7.561917]
[12.399264]
[13.306372]
[0.000000]
[7.299264]
[4.149264]
[12.267431]
[14.532014]
[6.036917]
[12.074265]
[13.381371]
[1.990990]
[8.024264]
[4.874264]
[10.742432]
[13.732014]
[5.236917]
[11.274265]
[12.581371]
[2.773528]
[7.848529]
[4.874264]
[9.942431]
[13.732014]
[4.949264]
[11.274265]
[12.581371]
[3.573528]
[7.848529]
[4.874264]
[9.542431]
[13.732014]
[4.949264]
[11.274265]
[12.581371]
[4.373528]
[7.848529]
[4.874264]
[9.542431]
[13.732014]
[4.949264]
[11.274265]
[12.581371]
[5.173528]
[7.848529]
[5.098528]
[9.142431]
[13.732014]
[4.949264]
[11.274265]
[12.581371]
[5.973528]
[7.848529]
[5.615686]
[9.142431]
[13.732014]
[4.949264]
[11.098529]
[12.581371]
[6.773529]
[7.848529]
[6.415686]
[8.742432]
[13.732014]
[4.949264]
[11.098529]
[12.581371]
[7.573529]
[7.848529]
[7.215686]
[8.742432]
[13.732014]
[4.949264]
[11.098529]
[12.581371]
[8.373528]
[7.848529]
[7.365686]
[8.742432]
[13.732014]
[4.949264]
[11.098529]
[12.581371]
[9.173529]
[7.848529]
[7.365686]
[8.742432]
[13.732014]
[4.949264]
[11.098529]
[12.581371]
[9.973529]
[7.848529]
[8.165687]
[8.742432]
[14.132014]
[4.949264]
[11.098529]
[12.581371]
[10.773529]
[8.248528]
[8.965687]
[8.742432]
[14.532013]
[4.949264]
[11.098529]
[12.581371]
[11.573529]
[8.648529]
[9.531372]
[8.742432]
[14.532013]
[5.098528]
[11.098529]
[12.581371]
[12.373529]
[8.648529]
[9.531372]
[8.742432]
[-9999.000000]
[-9999.000000]
[-9999.000000]
[-9999.000000]
[-9999.000000]
[-9999.000000]
[-9999.000000]
[-9999.000000]
[20.532001]
[11.307108]
[13.898529]
[16.415684]
[18.773521]
[14.648529]
[15.531370]
[11.542432]
[19.732002]
[10.507108]
[13.098529]
[15.615684]
[17.973522]
[13.848529]
[14.731370]
[10.742432]
[18.932003]
[9.707108]
[12.298529]
[14.815683]
[17.173523]
[13.048529]
[13.931370]
[9.942431]
[18.132004]
[8.907107]
[11.498528]
[14.015683]
[16.373524]
[12.248528]
[13.131370]
[9.142431]
[17.332005]
[8.107107]
[10.698528]
[13.215683]
[15.573524]
[11.448528]
[12.331369]
[8.342431]
[16.532005]
[7.307107]
[9.898528]
[12.415683]
[14.773523]
[10.648528]
[11.531369]
[7.542431]
[15.732005]
[6.507107]
[9.098528]
[11.615683]
[13.973523]
[9.848528]
[10.731369]
[6.742431]
[15.332006]
[6.107107]
[8.698528]
[11.215683]
[13.573524]
[9.448528]
[10.331369]
[6.342431]
[15.257013]
[9.125001]
[13.199265]
[14.106372]
[3.711764]
[8.099264]
[4.949264]
[13.467431]
[15.257013]
[8.361917]
[13.199265]
[14.106372]
[2.571580]
[8.099264]
[4.949264]
[13.067431]
[15.332014]
[6.836917]
[12.874266]
[14.181372]
[1.386764]
[8.824265]
[5.674264]
[11.542432]
[14.532014]
[6.036917]
[12.074265]
[13.381371]
[1.973528]
[8.648529]
[5.674264]
[10.742432]
[14.532014]
[5.749264]
[12.074265]
[13.381371]
[2.773528]
[8.648529]
[5.674264]
[10.342431]
[14.532014]
[5.749264]
[12.074265]
[13.381371]
[3.573528]
[8.648529]
[5.674264]
[10.342431]
[14.532014]
[5.749264]
[12.074265]
[13.381371]
[4.373528]
[8.648529]
[5.674264]
[9.942431]
[14.532014]
[5.749264]
[12.074265]
[13.381371]
[5.173528]
[8.648529]
[5.674264]
[9.942431]
[14.532014]
[5.749264]
[11.898529]
[13.381371]
[5.973528]
[8.648529]
[5.898529]
[9.542432]
[14.532014]
[5.749264]
[11.898529]
[13.381371]
[6.773529]
[8.648529]
[6.415686]
[9.542432]
[14.532014]
[5.749264]
[11.898529]
[13.381371]
[7.573529]
[8.648529]
[7.215686]
[9.542432]
[14.532014]
[5.749264]
[11.898529]
[13.381371]
[8.373528]
[8.648529]
[8.015686]
[9.542432]
[14.532014]
[5.749264]
[11.898529]
[13.381371]
[9.173529]
[8.648529]
[8.165687]
[9.542432]
[14.732014]
[5.949264]
[12.098529]
[13.581371]
[10.173529]
[8.848529]
[8.365686]
[9.742432]
[14.532014]
[5.749264]
[11.898529]
[13.381371]
[10.773529]
[8.648529]
[8.965687]
[9.542432]
[14.932014]
[5.749264]
[11.898529]
[13.381371]
[11.573529]
[9.048529]
[9.765687]
[9.542432]
[-9999.000000]
[-9999.000000]
[-9999.000000]
[-9999.000000]
[-9999.000000]
[-9999.000000]
[-9999.000000]
[-9999.000000]
[-9999.000000]
[-9999.000000]
[-9999.000000]
[-9999.000000]
[-9999.000000]
[-9999.000000]
[-9999.000000]
[-9999.000000]
[20.532001]
[11.307108]
[13.898529]
[16.415684]
[18.773521]
[14.648529]
[15.531370]
[11.542432]
[19.732002]
[10.507108]
[13.098529]
[15.615684]
[17.973522]
[13.848529]
[14.731370]
[10.742432]
[18.932003]
[9.707108]
[12.298529]
[14.815683]
[17.173523]
[13.048529]
[13.931370]
[9.942431]
[18.132004]
[8.907107]
[11.498528]
[14.015683]
[16.373524]
[12.248528]
[13.131370]
[9.142431]
[17.332005]
[8.107107]
[10.698528]
[13.215683]
[15.573524]
[11.448528]
[12.331369]
[8.342431]
[16.532005]
[7.307107]
[9.898528]
[12.415683]
[14.773523]
[10.648528]
[11.531369]
[7.542431]
[15.732005]
[6.507107]
[9.098528]
[11.615683]
[13.973523]
[9.848528]
[10.731369]
[6.742431]
[15.332006]
[6.107107]
[8.698528]
[11.215683]
[13.573524]
[9.448528]
[10.331369]
[6.342431]
[17.507013]
[9.161917]
[15.199265]
[16.356373]
[3.711764]
[10.349264]
[7.199264]
[13.867432]
[16.132013]
[7.636917]
[13.674266]
[14.981372]
[2.186764]
[9.624264]
[6.474264]
[12.342432]
[15.332014]
[6.836917]
[12.874266]
[14.181372]
[2.186764]
[9.448529]
[6.474264]
[11.542432]
[15.332014]
[6.549264]
[12.874266]
[14.181372]
[2.186764]
[9.448529]
[6.474264]
[11.142431]
[15.332014]
[6.549264]
[12.874266]
[14.181372]
[2.773528]
[9.448529]
[6.474264]
[11.142431]
[15.332014]
[6.549264]
[12.874266]
[14.181372]
[3.573528]
[9.448529]
[6.474265]
[10.742432]
[15.332014]
[6.549264]
[12.874266]
[14.181372]
[4.373528]
[9.448529]
[6.474265]
[10.742432]
[15.332014]
[6.549264]
[12.698529]
[14.181372]
[5.173528]
[9.448529]
[6.474265]
[10.342432]
[15.332014]
[6.549264]
[12.698529]
[14.181372]
[5.973528]
[9.448529]
[6.474265]
[10.342432]
[15.332014]
[6.549264]
[12.698529]
[14.181372]
[6.773529]
[9.448529]
[6.698529]
[10.342432]
[15.332014]
[6.549264]
[12.698529]
[14.181372]
[7.573529]
[9.448529]
[7.215686]
[10.342432]
[15.332014]
[6.549264]
[12.698529]
[14.181372]
[8.373528]
[9.448529]
[8.015686]
[10.342432]
[15.332014]
[6.549264]
[12.698529]
[14.181372]
[9.173529]
[9.448529]
[8.815686]
[10.342432]
[15.532014]
[6.749264]
[12.898529]
[14.381371]
[10.173529]
[9.648529]
[9.165687]
[10.542432]
[15.332014]
[6.549264]
[12.698529]
[14.181372]
[11.173529]
[9.448529]
[9.365686]
[10.342432]
[-9999.000000]
[-9999.000000]
[-9999.000000]
[-9999.000000]
[-9999.000000]
[-9999.000000]
[-9999.000000]
[-9999.000000]
[-9999.000000]
[-9999.000000]
[-9999.000000]
[-9999.000000]
[-9999.000000]
[-9999.000000]
[-9999.000000]
[-9999.000000]
[21.332001]
[12.107108]
[14.698529]
[17.215683]
[19.573521]
[15.448529]
[16.331369]
[12.342432]
[20.532001]
[11.307108]
[13.898529]
[16.415684]
[18.773521]
[14.648529]
[15.531370]
[11.542432]
[19.732002]
[10.507108]
[13.098529]
[15.615684]
[17.973522]
[13.848529]
[14.731370]
[10.742432]
[18.932003]
[9.707108]
[12.298529]
[14.815683]
[17.173523]
[13.048529]
[13.931370]
[9.942431]
[18.132004]
[8.907107]
[11.498528]
[14.015683]
[16.373524]
[12.248528]
[13.131370]
[9.142431]
[17.332005]
[8.107107]
[10.698528]
[13.215683]
[15.573524]
[11.448528]
[12.331369]
[8.342431]
[16.532005]
[7.307107]
[9.898528]
[12.415683]
[14.773523]
[10.648528]
[11.531369]
[7.542431]
[15.732005]
[6.507107]
[9.098528]
[11.615683]
[13.973523]
[9.848528]
[10.731369]
[6.742431]
[15.332006]
[6.107107]
[8.698528]
[11.215683]
[13.573524]
[9.448528]
[10.331369]
[6.342431]
[16.932013]
[8.436917]
[14.474266]
[15.781372]
[2.986764]
[10.424264]
[7.274264]
[13.142432]
[16.132013]
[7.636917]
[13.674266]
[14.981372]
[2.986764]
[10.248529]
[7.274264]
[12.342432]
[16.132013]
[7.349265]
[13.674266]
[14.981372]
[2.986764]
[10.248529]
[7.274264]
[11.942431]
[16.132013]
[7.349265]
[13.674266]
[14.981372]
[2.986764]
[10.248529]
[7.274264]
[11.942431]
[16.132013]
[7.349265]
[13.674266]
[14.981372]
[2.986764]
[10.248529]
[7.274264]
[11.542432]
[16.132013]
[7.349265]
[13.674266]
[14.981372]
[3.573528]
[10.248529]
[7.274264]
[11.542432]
[16.132013]
[7.349265]
[13.498529]
[14.981372]
[4.373528]
[10.248529]
[7.274265]
[11.142432]
[16.132013]
[7.349265]
[13.498529]
[14.981372]
[5.173528]
[10.248529]
[7.274265]
[11.142432]
[16.132013]
[7.349265]
[13.498529]
[14.981372]
[5.973528]
[10.248529]
[7.274265]
[11.142432]
[16.132013]
[7.349265]
[13.498529]
[14.981372]
[6.773529]
[10.248529]
[7.274265]
[11.142432]
[16.132013]
[7.349265]
[13.498529]
[14.981372]
[7.573529]
[10.248529]
[7.498529]
[11.142432]
[16.132013]
[7.349265]
[13.498529]
[14.981372]
[8.373528]
[10.248529]
[8.015686]
[11.142432]
[-9999.000000]
[-9999.000000]
[-9999.000000]
[-9999.000000]
[-9999.000000]
[-9999.000000]
[-9999.000000]
[-9999.000000]
[-9999.000000]
[-9999.000000]
[-9999.000000]
[-9999.000000]
[-9999.000000]
[-9999.000000]
[-9999.000000]
[-9999.000000]
[-9999.000000]
[-9999.000000]
[-9999.000000]
[-9999.000000]
[-9999.000000]
[-9999.000000]
[-9999.000000]
[-9999.000000]
[-9999.000000]
[-9999.000000]
[-9999.000000]
[-9999.000000]
[-9999.000000]
[-9999.000000]
[-9999.000000]
[-9999.000000]
[22.132000]
[12.907108]
[15.498529]
[18.015682]
[20.373520]
[16.248529]
[17.131369]
[13.142432]
[21.332001]
[12.107108]
[14.698529]
[17.215683]
[19.573521]
[15.448529]
[16.331369]
[12.342432]
[20.532001]
[11.307108]
[13.898529]
[16.415684]
[18.773521]
[14.648529]
[15.531370]
[11.542432]
[19.732002]
[10.507108]
[13.098529]
[15.615684]
[17.973522]
[13.848529]
[14.731370]
[10.742432]
[18.932003]
[9.707108]
[12.298529]
[14.815683]
[17.173523]
[13.048529]
[13.931370]
[9.942431]
[18.132004]
[8.907107]
[11.498528]
[14.015683]
[16.373524]
[12.248528]
[13.131370]
[9.142431]
[17.332005]
[8.107107]
[10.698528]
[13.215683]
[15.573524]
[11.448528]
[12.331369]
[8.342431]
[16.532005]
[7.307107]
[9.898528]
[12.415683]
[14.773523]
[10.648528]
[11.531369]
[7.542431]
[15.732005]
[6.507107]
[9.098528]
[11.615683]
[13.973523]
[9.848528]
[10.731369]
[6.742431]
[15.332006]
[6.107107]
[8.698528]
[11.215683]
[13.573524]
[9.448528]
[10.331369]
[6.342431]
[16.932013]
[8.436917]
[14.474266]
[15.781372]
[3.786764]
[11.048530]
[8.074265]
[13.142432]
[16.932013]
[8.149264]
[14.474266]
[15.781372]
[3.786764]
[11.048530]
[8.074265]
[12.742432]
[16.932013]
[8.149264]
[14.474266]
[15.781372]
[3.786764]
[11.048530]
[8.074265]
[12.742432]
[16.932013]
[8.149264]
[14.474266]
[15.781372]
[3.786764]
[11.048530]
[8.074265]
[12.342432]
[16.932013]
[8.149264]
[14.474266]
[15.781372]
[3.786764]
[11.048530]
[8.074265]
[12.342432]
[16.932013]
[8.149264]
[14.298530]
[15.781372]
[3.786764]
[11.048530]
[8.074265]
[11.942432]
[16.932013]
[8.149264]
[14.298530]
[15.781372]
[4.373528]
[11.048530]
[8.074265]
[11.942432]
[17.132013]
[8.349264]
[14.498529]
[15.981372]
[5.373528]
[11.248529]
[8.274265]
[12.142432]
[17.132013]
[8.349264]
[14.498529]
[15.981372]
[6.173528]
[11.248529]
[8.274265]
[12.142432]
[16.932013]
[8.149264]
[14.298530]
[15.781372]
[6.773529]
[11.048530]
[8.074265]
[11.942432]
[16.932013]
[8.149264]
[14.298530]
[15.781372]
[7.573529]
[11.048530]
[8.074265]
[11.942432]
[-9999.000000]
[-9999.000000]
[-9999.000000]
[-9999.000000]
[-9999.000000]
[-9999.000000]
[-9999.000000]
[-9999.000000]
[-9999.000000]
[-9999.000000]
[-9999.000000]
[-9999.000000]
[-9999.000000]
[-9999.000000]
[-9999.000000]
[-9999.000000]
[24.531998]
[15.307109]
[17.898527]
[20.415680]
[22.773518]
[18.648527]
[19.531366]
[15.542433]
[23.731998]
[14.507109]
[17.098528]
[19.615681]
[21.973518]
[17.848528]
[18.731367]
[14.742433]
[22.931999]
[13.707108]
[16.298529]
[18.815681]
[21.173519]
[17.048529]
[17.931368]
[13.942432]
[22.132000]
[12.907108]
[15.498529]
[18.015682]
[20.373520]
[16.248529]
[17.131369]
[13.142432]
[21.332001]
[12.107108]
[14.698529]
[17.215683]
[19.573521]
[15.448529]
[16.331369]
[12.342432]
[20.532001]
[11.307108]
[13.898529]
[16.415684]
[18.773521]
[14.648529]
[15.531370]
[11.542432]
[19.732002]
[10.507108]
[13.098529]
[15.615684]
[17.973522]
[13.848529]
[14.731370]
[10.742432]
[18.932003]
[9.707108]
[12.298529]
[14.815683]
[17.173523]
[13.048529]
[13.931370]
[9.942431]
[18.132004]
[8.907107]
[11.498528]
[14.015683]
[16.373524]
[12.248528]
[13.131370]
[9.142431]
[17.332005]
[8.107107]
[10.698528]
[13.215683]
[15.573524]
[11.448528]
[12.331369]
[8.342431]
[16.532005]
[7.307107]
[9.898528]
[12.415683]
[14.773523]
[10.648528]
[11.531369]
[7.542431]
[15.732005]
[6.507107]
[9.098528]
[11.615683]
[13.973523]
[9.848528]
[10.731369]
[6.742431]
[15.332006]
[6.107107]
[8.698528]
[11.215683]
[13.573524]
[9.448528]
[10.331369]
[6.342431]
[17.732012]
[8.949265]
[15.274266]
[16.581371]
[4.586764]
[11.848530]
[8.874265]
[13.542432]
[17.732012]
[8.949265]
[15.274266]
[16.581371]
[4.586764]
[11.848530]
[8.874265]
[13.542432]
[17.732012]
[8.949265]
[15.274266]
[16.581371]
[4.586764]
[11.848530]
[8.874265]
[13.142432]
[17.732012]
[8.949265]
[15.274266]
[16.581371]
[4.586764]
[11.848530]
[8.874265]
[13.142432]
[17.732012]
[8.949265]
[15.098530]
[16.581371]
[4.586764]
[11.848530]
[8.874265]
[12.742433]
[17.732012]
[8.949265]
[15.098530]
[16.581371]
[4.586764]
[11.848530]
[8.874265]
[12.742433]
[17.732012]
[8.949265]
[15.098530]
[16.581371]
[4.586764]
[11.848530]
[8.874265]
[12.742433]
[-9999.000000]
[-9999.000000]
[-9999.000000]
[-9999.000000]
[-9999.000000]
[-9999.000000]
[-9999.000000]
[-9999.000000]
[-9999.000000]
[-9999.000000]
[-9999.000000]
[-9999.000000]
[-9999.000000]
[-9999.000000]
[-9999.000000]
[-9999.000000]
[-9999.000000]
[-9999.000000]
[-9999.000000]
[-9999.000000]
[-9999.000000]
[-9999.000000]
[-9999.000000]
[-9999.000000]
[-9999.000000]
[-9999.000000]
[-9999.000000]
[-9999.000000]
[-9999.000000]
[-9999.000000]
[-9999.000000]
[-9999.000000]
[-9999.000000]
[-9999.000000]
[-9999.000000]
[-9999.000000]
[-9999.000000]
[-9999.000000]
[-9999.000000]
[-9999.000000]
[25.531998]
[16.307110]
[18.898527]
[21.415680]
[23.773518]
[19.648527]
[20.531366]
[16.542433]
[24.531998]
[15.307109]
[17.898527]
[20.415680]
[22.773518]
[18.648527]
[19.531366]
[15.542433]
[23.731998]
[14.507109]
[17.098528]
[19.615681]
[21.973518]
[17.848528]
[18.731367]
[14.742433]
[22.931999]
[13.707108]
[16.298529]
[18.815681]
[21.173519]
[17.048529]
[17.931368]
[13.942432]
[22.132000]
[12.907108]
[15.498529]
[18.015682]
[20.373520]
[16.248529]
[17.131369]
[13.142432]
[21.332001]
[12.107108]
[14.698529]
[17.215683]
[19.573521]
[15.448529]
[16.331369]
[12.342432]
[20.532001]
[11.307108]
[13.898529]
[16.415684]
[18.773521]
[14.648529]
[15.531370]
[11.542432]
[19.732002]
[10.507108]
[13.098529]
[15.615684]
[17.973522]
[13.848529]
[14.731370]
[10.742432]
[18.932003]
[9.707108]
[12.298529]
[14.815683]
[17.173523]
[13.048529]
[13.931370]
[9.942431]
[18.132004]
[8.907107]
[11.498528]
[14.015683]
[16.373524]
[12.248528]
[13.131370]
[9.142431]
[17.332005]
[8.107107]
[10.698528]
[13.215683]
[15.573524]
[11.448528]
[12.331369]
[8.342431]
[16.532005]
[7.307107]
[9.898528]
[12.415683]
[14.773523]
[10.648528]
[11.531369]
[7.542431]
[15.732005]
[6.507107]
[9.098528]
[11.615683]
[13.973523]
[9.848528]
[10.731369]
[6.742431]
[15.332006]
[6.107107]
[8.698528]
[11.215683]
[13.573524]
[9.448528]
[10.331369]
[6.342431]
[18.532011]
[9.749265]
[16.074266]
[17.381371]
[5.386764]
[12.648530]
[9.674265]
[14.342432]
[18.532011]
[9.749265]
[16.074266]
[17.381371]
[5.386764]
[12.648530]
[9.674265]
[13.942432]
[18.532011]
[9.749265]
[16.074266]
[17.381371]
[5.386764]
[12.648530]
[9.674265]
[13.942432]
[18.532011]
[9.749265]
[15.898530]
[17.381371]
[5.386764]
[12.648530]
[9.674265]
[13.542433]
[18.732012]
[9.949265]
[16.098530]
[17.581371]
[5.586764]
[12.848530]
[9.874265]
[13.742433]
[18.532011]
[9.749265]
[15.898530]
[17.381371]
[5.386764]
[12.648530]
[9.674265]
[13.542433]
[-9999.000000]
[-9999.000000]
[-9999.000000]
[-9999.000000]
[-9999.000000]
[-9999.000000]
[-9999.000000]
[-9999.000000]
[-9999.000000]
[-9999.000000]
[-9999.000000]
[-9999.000000]
[-9999.000000]
[-9999.000000]
[-9999.000000]
[-9999.000000]
[28.531994]
[19.307106]
[21.898523]
[24.415676]
[26.773514]
[22.648523]
[23.531363]
[19.542429]
[27.731995]
[18.507107]
[21.098524]
[23.615677]
[25.973515]
[21.848524]
[22.731363]
[18.742430]
[26.931995]
[17.707108]
[20.298525]
[22.815678]
[25.173515]
[21.048525]
[21.931364]
[17.942430]
[26.331997]
[17.107109]
[19.698526]
[22.215679]
[24.573517]
[20.448526]
[21.331366]
[17.342432]
[25.331997]
[16.107109]
[18.698526]
[21.215679]
[23.573517]
[19.448526]
[20.331366]
[16.342432]
[24.531998]
[15.307109]
[17.898527]
[20.415680]
[22.773518]
[18.648527]
[19.531366]
[15.542433]
[23.731998]
[14.507109]
[17.098528]
[19.615681]
[21.973518]
[17.848528]
[18.731367]
[14.742433]
[22.931999]
[13.707108]
[16.298529]
[18.815681]
[21.173519]
[17.048529]
[17.931368]
[13.942432]
[22.132000]
[12.907108]
[15.498529]
[18.015682]
[20.373520]
[16.248529]
[17.131369]
[13.142432]
[21.332001]
[12.107108]
[14.698529]
[17.215683]
[19.573521]
[15.448529]
[16.331369]
[12.342432]
[20.532001]
[11.307108]
[13.898529]
[16.415684]
[18.773521]
[14.648529]
[15.531370]
[11.542432]
[19.732002]
[10.507108]
[13.098529]
[15.615684]
[17.973522]
[13.848529]
[14.731370]
[10.742432]
[18.932003]
[9.707108]
[12.298529]
[14.815683]
[17.173523]
[13.048529]
[13.931370]
[9.942431]
[18.132004]
[8.907107]
[11.498528]
[14.015683]
[16.373524]
[12.248528]
[13.131370]
[9.142431]
[17.332005]
[8.107107]
[10.698528]
[13.215683]
[15.573524]
[11.448528]
[12.331369]
[8.342431]
[16.532005]
[7.307107]
[9.898528]
[12.415683]
[14.773523]
[10.648528]
[11.531369]
[7.542431]
[15.732005]
[6.507107]
[9.098528]
[11.615683]
[13.973523]
[9.848528]
[10.731369]
[6.742431]
[15.332006]
[6.107107]
[8.698528]
[11.215683]
[13.573524]
[9.448528]
[10.331369]
[6.342431]
[19.332010]
[10.549265]
[16.874266]
[18.181370]
[6.186764]
[13.448530]
[10.474265]
[14.742433]
[19.332010]
[10.549265]
[16.874266]
[18.181370]
[6.186764]
[13.448530]
[10.474265]
[14.742433]
[19.332010]
[10.549265]
[16.698530]
[18.181370]
[6.186764]
[13.448530]
[10.474265]
[14.342433]
[19.332010]
[10.549265]
[16.698530]
[18.181370]
[6.186764]
[13.448530]
[10.474265]
[14.342433]
[19.332010]
[10.549265]
[16.698530]
[18.181370]
[6.186764]
[13.448530]
[10.474265]
[14.342433]
[-9999.000000]
[-9999.000000]
[-9999.000000]
[-9999.000000]
[-9999.000000]
[-9999.000000]
[-9999.000000]
[-9999.000000]
[-9999.000000]
[-9999.000000]
[-9999.000000]
[-9999.000000]
[-9999.000000]
[-9999.000000]
[-9999.000000]
[-9999.000000]
[29.331993]
[20.107105]
[22.698523]
[25.215675]
[27.573513]
[23.448523]
[24.331362]
[20.342428]
[28.531994]
[19.307106]
[21.898523]
[24.415676]
[26.773514]
[22.648523]
[23.531363]
[19.542429]
[27.731995]
[18.507107]
[21.098524]
[23.615677]
[25.973515]
[21.848524]
[22.731363]
[18.742430]
[26.931995]
[17.707108]
[20.298525]
[22.815678]
[25.173515]
[21.048525]
[21.931364]
[17.942430]
[26.131996]
[16.907108]
[19.498526]
[22.015678]
[24.373516]
[20.248526]
[21.131365]
[17.142431]
[25.331997]
[16.107109]
[18.698526]
[21.215679]
[23.573517]
[19.448526]
[20.331366]
[16.342432]
[24.531998]
[15.307109]
[17.898527]
[20.415680]
[22.773518]
[18.648527]
[19.531366]
[15.542433]
[23.731998]
[14.507109]
[17.098528]
[19.615681]
[21.973518]
[17.848528]
[18.731367]
[14.742433]
[22.931999]
[13.707108]
[16.298529]
[18.815681]
[21.173519]
[17.048529]
[17.931368]
[13.942432]
[22.132000]
[12.907108]
[15.498529]
[18.015682]
[20.373520]
[16.248529]
[17.131369]
[13.142432]
[21.332001]
[12.107108]
[14.698529]
[17.215683]
[19.573521]
[15.448529]
[16.331369]
[12.342432]
[20.532001]
[11.307108]
[13.898529]
[16.415684]
[18.773521]
[14.648529]
[15.531370]
[11.542432]
[19.732002]
[10.507108]
[13.098529]
[15.615684]
[17.973522]
[13.848529]
[14.731370]
[10.742432]
[18.932003]
[9.707108]
[12.298529]
[14.815683]
[17.173523]
[13.048529]
[13.931370]
[9.942431]
[18.132004]
[8.907107]
[11.498528]
[14.015683]
[16.373524]
[12.248528]
[13.131370]
[9.142431]
[17.332005]
[8.107107]
[10.698528]
[13.215683]
[15.573524]
[11.448528]
[12.331369]
[8.342431]
[16.532005]
[7.307107]
[9.898528]
[12.415683]
[14.773523]
[10.648528]
[11.531369]
[7.542431]
[15.732005]
[6.507107]
[9.098528]
[11.615683]
[13.973523]
[9.848528]
[10.731369]
[6.742431]
[15.332006]
[6.107107]
[8.698528]
[11.215683]
[13.573524]
[9.448528]
[10.331369]
[6.342431]
[20.132010]
[11.349265]
[17.674265]
[18.981369]
[6.986764]
[14.248530]
[11.274265]
[15.542433]
[20.132010]
[11.349265]
[17.498529]
[18.981369]
[6.986764]
[14.248530]
[11.274265]
[15.142433]
[20.132010]
[11.349265]
[17.498529]
[18.981369]
[6.986764]
[14.248530]
[11.274265]
[15.142433]
[20.132010]
[11.349265]
[17.498529]
[18.981369]
[6.986764]
[14.248530]
[11.274265]
[15.142433]
[20.132010]
[11.349265]
[17.498529]
[18.981369]
[6.986764]
[14.248530]
[11.274265]
[15.142433]
[-9999.000000]
[-9999.000000]
[-9999.000000]
[-9999.000000]
[-9999.000000]
[-9999.000000]
[-9999.000000]
[-9999.000000]
[30.331993]
[21.107105]
[23.698523]
[26.215675]
[28.573513]
[24.448523]
[25.331362]
[21.342428]
[29.531994]
[20.307106]
[22.898523]
[25.415676]
[27.773514]
[23.648523]
[24.531363]
[20.542429]
[28.531994]
[19.307106]
[21.898523]
[24.415676]
[26.773514]
[22.648523]
[23.531363]
[19.542429]
[27.731995]
[18.507107]
[21.098524]
[23.615677]
[25.973515]
[21.848524]
[22.731363]
[18.742430]
[26.931995]
[17.707108]
[20.298525]
[22.815678]
[25.173515]
[21.048525]
[21.931364]
[17.942430]
[26.131996]
[16.907108]
[19.498526]
[22.015678]
[24.373516]
[20.248526]
[21.131365]
[17.142431]
[25.331997]
[16.107109]
[18.698526]
[21.215679]
[23.573517]
[19.448526]
[20.331366]
[16.342432]
[24.531998]
[15.307109]
[17.898527]
[20.415680]
[22.773518]
[18.648527]
[19.531366]
[15.542433]
[23.731998]
[14.507109]
[17.098528]
[19.615681]
[21.973518]
[17.848528]
[18.731367]
[14.742433]
[22.931999]
[13.707108]
[16.298529]
[18.815681]
[21.173519]
[17.048529]
[17.931368]
[13.942432]
[22.132000]
[12.907108]
[15.498529]
[18.015682]
[20.373520]
[16.248529]
[17.131369]
[13.142432]
[21.332001]
[12.107108]
[14.698529]
[17.215683]
[19.573521]
[15.448529]
[16.331369]
[12.342432]
[20.532001]
[11.307108]
[13.898529]
[16.415684]
[18.773521]
[14.648529]
[15.531370]
[11.542432]
[19.732002]
[10.507108]
[13.098529]
[15.615684]
[17.973522]
[13.848529]
[14.731370]
[10.742432]
[18.932003]
[9.707108]
[12.298529]
[14.815683]
[17.173523]
[13.048529]
[13.931370]
[9.942431]
[18.132004]
[8.907107]
[11.498528]
[14.015683]
[16.373524]
[12.248528]
[13.131370]
[9.142431]
[17.332005]
[8.107107]
[10.698528]
[13.215683]
[15.573524]
[11.448528]
[12.331369]
[8.342431]
[16.532005]
[7.307107]
[9.898528]
[12.415683]
[14.773523]
[10.648528]
[11.531369]
[7.542431]
[15.732005]
[6.507107]
[9.098528]
[11.615683]
[13.973523]
[9.848528]
[10.731369]
[6.742431]
[15.332006]
[6.107107]
[8.698528]
[11.215683]
[13.573524]
[9.448528]
[10.331369]
[6.342431]
[20.932009]
[12.149265]
[18.298529]
[19.781368]
[7.786765]
[15.048531]
[12.074265]
[15.942433]
[20.932009]
[12.149265]
[18.298529]
[19.781368]
[7.786765]
[15.048531]
[12.074265]
[15.942433]
[20.932009]
[12.149265]
[18.298529]
[19.781368]
[7.786765]
[15.048531]
[12.074265]
[15.942433]
[20.932009]
[12.149265]
[18.298529]
[19.781368]
[7.786765]
[15.048531]
[12.074265]
[15.942433]
[20.932009]
[12.149265]
[18.298529]
[19.781368]
[7.786765]
[15.048531]
[12.074265]
[15.942433]
[-9999.000000]
[-9999.000000]
[-9999.000000]
[-9999.000000]
[-9999.000000]
[-9999.000000]
[-9999.000000]
[-9999.000000]
[30.731995]
[21.507107]
[24.098524]
[26.615677]
[28.973515]
[24.848524]
[25.731363]
[21.742430]
[29.531994]
[20.307106]
[22.898523]
[25.415676]
[27.773514]
[23.648523]
[24.531363]
[20.542429]
[28.531994]
[19.307106]
[21.898523]
[24.415676]
[26.773514]
[22.648523]
[23.531363]
[19.542429]
[27.731995]
[18.507107]
[21.098524]
[23.615677]
[25.973515]
[21.848524]
[22.731363]
[18.742430]
[26.931995]
[17.707108]
[20.298525]
[22.815678]
[25.173515]
[21.048525]
[21.931364]
[17.942430]
[26.131996]
[16.907108]
[19.498526]
[22.015678]
[24.373516]
[20.248526]
[21.131365]
[17.142431]
[25.331997]
[16.107109]
[18.698526]
[21.215679]
[23.573517]
[19.448526]
[20.331366]
[16.342432]
[24.531998]
[15.307109]
[17.898527]
[20.415680]
[22.773518]
[18.648527]
[19.531366]
[15.542433]
[23.731998]
[14.507109]
[17.098528]
[19.615681]
[21.973518]
[17.848528]
[18.731367]
[14.742433]
[22.931999]
[13.707108]
[16.298529]
[18.815681]
[21.173519]
[17.048529]
[17.931368]
[13.942432]
[22.132000]
[12.907108]
[15.498529]
[18.015682]
[20.373520]
[16.248529]
[17.131369]
[13.142432]
[21.332001]
[12.107108]
[14.698529]
[17.215683]
[19.573521]
[15.448529]
[16.331369]
[12.342432]
[20.532001]
[11.307108]
[13.898529]
[16.415684]
[18.773521]
[14.648529]
[15.531370]
[11.542432]
[19.732002]
[10.507108]
[13.098529]
[15.615684]
[17.973522]
[13.848529]
[14.731370]
[10.742432]
[18.932003]
[9.707108]
[12.298529]
[14.815683]
[17.173523]
[13.048529]
[13.931370]
[9.942431]
[18.132004]
[8.907107]
[11.498528]
[14.015683]
[16.373524]
[12.248528]
[13.131370]
[9.142431]
[17.332005]
[8.107107]
[10.698528]
[13.215683]
[15.573524]
[11.448528]
[12.331369]
[8.342431]
[16.532005]
[7.307107]
[9.898528]
[12.415683]
[14.773523]
[10.648528]
[11.531369]
[7.542431]
[15.732005]
[6.507107]
[9.098528]
[11.615683]
[13.973523]
[9.848528]
[10.731369]
[6.742431]
[15.332006]
[6.107107]
[8.698528]
[11.215683]
[13.573524]
[9.448528]
[10.331369]
[6.342431]
Comienza a copiar
Termina de copiar
Cuda execution finished
