Friction Map: Clip_Fricc_25.tif
Is Relative?: 0
100
Min: 0.400000	Max:999999.000000
NEW 2nd Max Val: 0.800000
NEW 2nd Max Val: 2.250000
The Second Max Val Is: 2.250000
Avg Frict: 55728.179688
100.000000
Min: 0.400000	Max:999999.000000
32618
Source = 
TIFF to matrix = 0.020000 secs.
creo la matriz de output[-9999.000000]
[-9999.000000]
[-9999.000000]
[-9999.000000]
[-9999.000000]
[-9999.000000]
[-9999.000000]
[-9999.000000]
[10.007108]
[10.007108]
[10.007108]
[10.007108]
[10.007108]
[10.007108]
[10.007108]
[10.007108]
[10.007108]
[10.007108]
[10.007108]
[10.007108]
[10.007108]
[10.007108]
[9.207108]
[9.207108]
[9.207108]
[9.207108]
[9.207108]
[9.207108]
[9.207108]
[9.207108]
[9.207108]
[9.207108]
[9.207108]
[9.207108]
[9.207108]
[9.207108]
[8.407107]
[8.407107]
[8.407107]
[8.407107]
[8.407107]
[8.407107]
[8.407107]
[8.407107]
[8.407107]
[8.407107]
[8.407107]
[8.407107]
[8.407107]
[8.407107]
[7.607108]
[7.607108]
[7.607108]
[7.607108]
[7.607108]
[7.607108]
[7.607108]
[7.607108]
[7.607108]
[7.607108]
[7.607108]
[7.607108]
[7.607108]
[7.607108]
[6.807107]
[6.807107]
[6.807107]
[6.807107]
[6.807107]
[6.807107]
[6.807107]
[6.807107]
[6.807107]
[6.807107]
[6.807107]
[6.807107]
[6.807107]
[6.807107]
[6.407107]
[6.407107]
[6.407107]
[6.407107]
[6.407107]
[6.407107]
[6.407107]
[6.407107]
[6.407107]
[6.407107]
[6.407107]
[6.407107]
[6.407107]
[6.407107]
[0.800000]
[0.800000]
[0.800000]
[0.800000]
[0.800000]
[0.800000]
[0.800000]
[0.800000]
[0.800000]
[0.800000]
[0.800000]
[0.800000]
[0.800000]
[0.800000]
[1.131371]
[1.131371]
[1.131371]
[1.131371]
[1.131371]
[1.131371]
[1.131371]
[1.131371]
[1.131371]
[1.131371]
[1.131371]
[1.131371]
[1.131371]
[1.131371]
[2.490685]
[2.490685]
[2.490685]
[2.490685]
[2.490685]
[2.490685]
[2.490685]
[2.490685]
[2.490685]
[2.490685]
[2.490685]
[2.490685]
[2.490685]
[2.490685]
[3.290686]
[3.290686]
[3.290686]
[3.290686]
[3.290686]
[3.290686]
[3.290686]
[3.290686]
[3.290686]
[3.290686]
[3.290686]
[3.290686]
[3.290686]
[3.290686]
[3.181980]
[3.181980]
[3.181980]
[3.181980]
[3.181980]
[3.181980]
[3.181980]
[3.181980]
[3.181980]
[3.181980]
[3.181980]
[3.181980]
[3.181980]
[3.181980]
[1.990990]
[1.990990]
[1.990990]
[1.990990]
[1.990990]
[1.990990]
[1.990990]
[1.990990]
[1.990990]
[1.990990]
[1.990990]
[1.990990]
[1.990990]
[1.990990]
[1.973528]
[1.973528]
[1.973528]
[1.973528]
[1.973528]
[1.973528]
[1.973528]
[1.973528]
[1.973528]
[1.973528]
[1.973528]
[1.973528]
[1.973528]
[1.973528]
[2.186764]
[2.186764]
[2.186764]
[2.186764]
[2.186764]
[2.186764]
[2.186764]
[2.186764]
[2.186764]
[2.186764]
[2.186764]
[2.186764]
[2.186764]
[2.186764]
[2.986764]
[2.986764]
[2.986764]
[2.986764]
[2.986764]
[2.986764]
[2.986764]
[2.986764]
[2.986764]
[2.986764]
[2.986764]
[2.986764]
[2.986764]
[2.986764]
[3.786764]
[3.786764]
[3.786764]
[3.786764]
[3.786764]
[3.786764]
[3.786764]
[3.786764]
[3.786764]
[3.786764]
[3.786764]
[3.786764]
[3.786764]
[3.786764]
[3.200000]
[3.200000]
[3.200000]
[3.200000]
[3.200000]
[3.200000]
[3.200000]
[3.200000]
[3.200000]
[3.200000]
[3.200000]
[3.200000]
[3.200000]
[3.200000]
[2.400000]
[2.400000]
[2.400000]
[2.400000]
[2.400000]
[2.400000]
[2.400000]
[2.400000]
[2.400000]
[2.400000]
[2.400000]
[2.400000]
[2.400000]
[2.400000]
[1.600000]
[1.600000]
[1.600000]
[1.600000]
[1.600000]
[1.600000]
[1.600000]
[1.600000]
[1.600000]
[1.600000]
[1.600000]
[1.600000]
[1.600000]
[1.600000]
[1.131371]
[1.131371]
[1.131371]
[1.131371]
[1.131371]
[1.131371]
[1.131371]
[1.131371]
[1.131371]
[1.131371]
[1.131371]
[1.131371]
[1.131371]
[1.131371]
[0.965685]
[0.965685]
[0.965685]
[0.965685]
[0.965685]
[0.965685]
[0.965685]
[0.965685]
[0.965685]
[0.965685]
[0.965685]
[0.965685]
[0.965685]
[0.965685]
[1.248528]
[1.248528]
[1.248528]
[1.248528]
[1.248528]
[1.248528]
[1.248528]
[1.248528]
[1.248528]
[1.248528]
[1.248528]
[1.248528]
[1.248528]
[1.248528]
[1060659.375000]
[1060659.375000]
[1060659.375000]
[1060659.375000]
[1060659.375000]
[1060659.375000]
[1060659.375000]
[1060659.375000]
[1060659.375000]
[1060659.375000]
[1060659.375000]
[1060659.375000]
[1060659.375000]
[1060659.375000]
[1030329.187500]
[1030329.187500]
[1030329.187500]
[1030329.187500]
[1030329.187500]
[1030329.187500]
[1030329.187500]
[1030329.187500]
[1030329.187500]
[1030329.187500]
[1030329.187500]
[1030329.187500]
[1030329.187500]
[1030329.187500]
[11.607108]
[11.607108]
[11.607108]
[11.607108]
[11.607108]
[11.607108]
[11.607108]
[11.607108]
[11.607108]
[11.607108]
[11.607108]
[11.607108]
[11.607108]
[11.607108]
[10.807108]
[10.807108]
[10.807108]
[10.807108]
[10.807108]
[10.807108]
[10.807108]
[10.807108]
[10.807108]
[10.807108]
[10.807108]
[10.807108]
[10.807108]
[10.807108]
[10.007108]
[10.007108]
[10.007108]
[10.007108]
[10.007108]
[10.007108]
[10.007108]
[10.007108]
[10.007108]
[10.007108]
[10.007108]
[10.007108]
[10.007108]
[10.007108]
[9.207108]
[9.207108]
[9.207108]
[9.207108]
[9.207108]
[9.207108]
[9.207108]
[9.207108]
[9.207108]
[9.207108]
[9.207108]
[9.207108]
[9.207108]
[9.207108]
[8.407107]
[8.407107]
[8.407107]
[8.407107]
[8.407107]
[8.407107]
[8.407107]
[8.407107]
[8.407107]
[8.407107]
[8.407107]
[8.407107]
[8.407107]
[8.407107]
[7.607108]
[7.607108]
[7.607108]
[7.607108]
[7.607108]
[7.607108]
[7.607108]
[7.607108]
[7.607108]
[7.607108]
[7.607108]
[7.607108]
[7.607108]
[7.607108]
[6.807107]
[6.807107]
[6.807107]
[6.807107]
[6.807107]
[6.807107]
[6.807107]
[6.807107]
[6.807107]
[6.807107]
[6.807107]
[6.807107]
[6.807107]
[6.807107]
[6.407107]
[6.407107]
[6.407107]
[6.407107]
[6.407107]
[6.407107]
[6.407107]
[6.407107]
[6.407107]
[6.407107]
[6.407107]
[6.407107]
[6.407107]
[6.407107]
[1.600000]
[1.600000]
[1.600000]
[1.600000]
[1.600000]
[1.600000]
[1.600000]
[1.600000]
[1.600000]
[1.600000]
[1.600000]
[1.600000]
[1.600000]
[1.600000]
[2.325000]
[2.325000]
[2.325000]
[2.325000]
[2.325000]
[2.325000]
[2.325000]
[2.325000]
[2.325000]
[2.325000]
[2.325000]
[2.325000]
[2.325000]
[2.325000]
[2.656371]
[2.656371]
[2.656371]
[2.656371]
[2.656371]
[2.656371]
[2.656371]
[2.656371]
[2.656371]
[2.656371]
[2.656371]
[2.656371]
[2.656371]
[2.656371]
[3.590990]
[3.590990]
[3.590990]
[3.590990]
[3.590990]
[3.590990]
[3.590990]
[3.590990]
[3.590990]
[3.590990]
[3.590990]
[3.590990]
[3.590990]
[3.590990]
[2.790990]
[2.790990]
[2.790990]
[2.790990]
[2.790990]
[2.790990]
[2.790990]
[2.790990]
[2.790990]
[2.790990]
[2.790990]
[2.790990]
[2.790990]
[2.790990]
[2.773528]
[2.773528]
[2.773528]
[2.773528]
[2.773528]
[2.773528]
[2.773528]
[2.773528]
[2.773528]
[2.773528]
[2.773528]
[2.773528]
[2.773528]
[2.773528]
[2.773528]
[2.773528]
[2.773528]
[2.773528]
[2.773528]
[2.773528]
[2.773528]
[2.773528]
[2.773528]
[2.773528]
[2.773528]
[2.773528]
[2.773528]
[2.773528]
[2.773528]
[2.773528]
[2.773528]
[2.773528]
[2.773528]
[2.773528]
[2.773528]
[2.773528]
[2.773528]
[2.773528]
[2.773528]
[2.773528]
[2.773528]
[2.773528]
[2.986764]
[2.986764]
[2.986764]
[2.986764]
[2.986764]
[2.986764]
[2.986764]
[2.986764]
[2.986764]
[2.986764]
[2.986764]
[2.986764]
[2.986764]
[2.986764]
[3.786764]
[3.786764]
[3.786764]
[3.786764]
[3.786764]
[3.786764]
[3.786764]
[3.786764]
[3.786764]
[3.786764]
[3.786764]
[3.786764]
[3.786764]
[3.786764]
[3.200000]
[3.200000]
[3.200000]
[3.200000]
[3.200000]
[3.200000]
[3.200000]
[3.200000]
[3.200000]
[3.200000]
[3.200000]
[3.200000]
[3.200000]
[3.200000]
[2.400000]
[2.400000]
[2.400000]
[2.400000]
[2.400000]
[2.400000]
[2.400000]
[2.400000]
[2.400000]
[2.400000]
[2.400000]
[2.400000]
[2.400000]
[2.400000]
[1.931371]
[1.931371]
[1.931371]
[1.931371]
[1.931371]
[1.931371]
[1.931371]
[1.931371]
[1.931371]
[1.931371]
[1.931371]
[1.931371]
[1.931371]
[1.931371]
[1.765686]
[1.765686]
[1.765686]
[1.765686]
[1.765686]
[1.765686]
[1.765686]
[1.765686]
[1.765686]
[1.765686]
[1.765686]
[1.765686]
[1.765686]
[1.765686]
[1.765686]
[1.765686]
[1.765686]
[1.765686]
[1.765686]
[1.765686]
[1.765686]
[1.765686]
[1.765686]
[1.765686]
[1.765686]
[1.765686]
[1.765686]
[1.765686]
[1.765686]
[1.765686]
[1.765686]
[1.765686]
[1.765686]
[1.765686]
[1.765686]
[1.765686]
[1.765686]
[1.765686]
[1.765686]
[1.765686]
[1.765686]
[1.765686]
[2.048528]
[2.048528]
[2.048528]
[2.048528]
[2.048528]
[2.048528]
[2.048528]
[2.048528]
[2.048528]
[2.048528]
[2.048528]
[2.048528]
[2.048528]
[2.048528]
[588388.312500]
[588388.312500]
[588388.312500]
[588388.312500]
[588388.312500]
[588388.312500]
[588388.312500]
[588388.312500]
[588388.312500]
[588388.312500]
[588388.312500]
[588388.312500]
[588388.312500]
[588388.312500]
[11.607108]
[11.607108]
[11.607108]
[11.607108]
[11.607108]
[11.607108]
[11.607108]
[11.607108]
[11.607108]
[11.607108]
[11.607108]
[11.607108]
[11.607108]
[11.607108]
[10.807108]
[10.807108]
[10.807108]
[10.807108]
[10.807108]
[10.807108]
[10.807108]
[10.807108]
[10.807108]
[10.807108]
[10.807108]
[10.807108]
[10.807108]
[10.807108]
[10.007108]
[10.007108]
[10.007108]
[10.007108]
[10.007108]
[10.007108]
[10.007108]
[10.007108]
[10.007108]
[10.007108]
[10.007108]
[10.007108]
[10.007108]
[10.007108]
[9.207108]
[9.207108]
[9.207108]
[9.207108]
[9.207108]
[9.207108]
[9.207108]
[9.207108]
[9.207108]
[9.207108]
[9.207108]
[9.207108]
[9.207108]
[9.207108]
[8.407107]
[8.407107]
[8.407107]
[8.407107]
[8.407107]
[8.407107]
[8.407107]
[8.407107]
[8.407107]
[8.407107]
[8.407107]
[8.407107]
[8.407107]
[8.407107]
[7.607108]
[7.607108]
[7.607108]
[7.607108]
[7.607108]
[7.607108]
[7.607108]
[7.607108]
[7.607108]
[7.607108]
[7.607108]
[7.607108]
[7.607108]
[7.607108]
[6.807107]
[6.807107]
[6.807107]
[6.807107]
[6.807107]
[6.807107]
[6.807107]
[6.807107]
[6.807107]
[6.807107]
[6.807107]
[6.807107]
[6.807107]
[6.807107]
[6.407107]
[6.407107]
[6.407107]
[6.407107]
[6.407107]
[6.407107]
[6.407107]
[6.407107]
[6.407107]
[6.407107]
[6.407107]
[6.407107]
[6.407107]
[6.407107]
[3.125000]
[3.125000]
[3.125000]
[3.125000]
[3.125000]
[3.125000]
[3.125000]
[3.125000]
[3.125000]
[3.125000]
[3.125000]
[3.125000]
[3.125000]
[3.125000]
[3.125000]
[3.125000]
[3.125000]
[3.125000]
[3.125000]
[3.125000]
[3.125000]
[3.125000]
[3.125000]
[3.125000]
[3.125000]
[3.125000]
[3.125000]
[3.125000]
[3.850000]
[3.850000]
[3.850000]
[3.850000]
[3.850000]
[3.850000]
[3.850000]
[3.850000]
[3.850000]
[3.850000]
[3.850000]
[3.850000]
[3.850000]
[3.850000]
[3.590990]
[3.590990]
[3.590990]
[3.590990]
[3.590990]
[3.590990]
[3.590990]
[3.590990]
[3.590990]
[3.590990]
[3.590990]
[3.590990]
[3.590990]
[3.590990]
[3.573528]
[3.573528]
[3.573528]
[3.573528]
[3.573528]
[3.573528]
[3.573528]
[3.573528]
[3.573528]
[3.573528]
[3.573528]
[3.573528]
[3.573528]
[3.573528]
[3.573528]
[3.573528]
[3.573528]
[3.573528]
[3.573528]
[3.573528]
[3.573528]
[3.573528]
[3.573528]
[3.573528]
[3.573528]
[3.573528]
[3.573528]
[3.573528]
[3.573528]
[3.573528]
[3.573528]
[3.573528]
[3.573528]
[3.573528]
[3.573528]
[3.573528]
[3.573528]
[3.573528]
[3.573528]
[3.573528]
[3.573528]
[3.573528]
[3.573528]
[3.573528]
[3.573528]
[3.573528]
[3.573528]
[3.573528]
[3.573528]
[3.573528]
[3.573528]
[3.573528]
[3.573528]
[3.573528]
[3.573528]
[3.573528]
[3.573528]
[3.573528]
[3.573528]
[3.573528]
[3.573528]
[3.573528]
[3.573528]
[3.573528]
[3.573528]
[3.573528]
[3.573528]
[3.573528]
[3.573528]
[3.573528]
[3.786764]
[3.786764]
[3.786764]
[3.786764]
[3.786764]
[3.786764]
[3.786764]
[3.786764]
[3.786764]
[3.786764]
[3.786764]
[3.786764]
[3.786764]
[3.786764]
[3.200000]
[3.200000]
[3.200000]
[3.200000]
[3.200000]
[3.200000]
[3.200000]
[3.200000]
[3.200000]
[3.200000]
[3.200000]
[3.200000]
[3.200000]
[3.200000]
[2.731371]
[2.731371]
[2.731371]
[2.731371]
[2.731371]
[2.731371]
[2.731371]
[2.731371]
[2.731371]
[2.731371]
[2.731371]
[2.731371]
[2.731371]
[2.731371]
[2.565686]
[2.565686]
[2.565686]
[2.565686]
[2.565686]
[2.565686]
[2.565686]
[2.565686]
[2.565686]
[2.565686]
[2.565686]
[2.565686]
[2.565686]
[2.565686]
[2.765686]
[2.765686]
[2.765686]
[2.765686]
[2.765686]
[2.765686]
[2.765686]
[2.765686]
[2.765686]
[2.765686]
[2.765686]
[2.765686]
[2.765686]
[2.765686]
[2.565686]
[2.565686]
[2.565686]
[2.565686]
[2.565686]
[2.565686]
[2.565686]
[2.565686]
[2.565686]
[2.565686]
[2.565686]
[2.565686]
[2.565686]
[2.565686]
[2.565686]
[2.565686]
[2.565686]
[2.565686]
[2.565686]
[2.565686]
[2.565686]
[2.565686]
[2.565686]
[2.565686]
[2.565686]
[2.565686]
[2.565686]
[2.565686]
[999999.000000]
[999999.000000]
[999999.000000]
[999999.000000]
[999999.000000]
[999999.000000]
[999999.000000]
[999999.000000]
[999999.000000]
[999999.000000]
[999999.000000]
[999999.000000]
[999999.000000]
[999999.000000]
[0.000000]
[0.000000]
[0.000000]
[0.000000]
[0.000000]
[0.000000]
[0.000000]
[0.000000]
[0.000000]
[0.000000]
[0.000000]
[0.000000]
[0.000000]
[0.000000]
[11.607108]
[11.607108]
[11.607108]
[11.607108]
[11.607108]
[11.607108]
[11.607108]
[11.607108]
[11.607108]
[11.607108]
[11.607108]
[11.607108]
[11.607108]
[11.607108]
[10.807108]
[10.807108]
[10.807108]
[10.807108]
[10.807108]
[10.807108]
[10.807108]
[10.807108]
[10.807108]
[10.807108]
[10.807108]
[10.807108]
[10.807108]
[10.807108]
[10.007108]
[10.007108]
[10.007108]
[10.007108]
[10.007108]
[10.007108]
[10.007108]
[10.007108]
[10.007108]
[10.007108]
[10.007108]
[10.007108]
[10.007108]
[10.007108]
[9.207108]
[9.207108]
[9.207108]
[9.207108]
[9.207108]
[9.207108]
[9.207108]
[9.207108]
[9.207108]
[9.207108]
[9.207108]
[9.207108]
[9.207108]
[9.207108]
[8.407107]
[8.407107]
[8.407107]
[8.407107]
[8.407107]
[8.407107]
[8.407107]
[8.407107]
[8.407107]
[8.407107]
[8.407107]
[8.407107]
[8.407107]
[8.407107]
[7.607108]
[7.607108]
[7.607108]
[7.607108]
[7.607108]
[7.607108]
[7.607108]
[7.607108]
[7.607108]
[7.607108]
[7.607108]
[7.607108]
[7.607108]
[7.607108]
[6.807107]
[6.807107]
[6.807107]
[6.807107]
[6.807107]
[6.807107]
[6.807107]
[6.807107]
[6.807107]
[6.807107]
[6.807107]
[6.807107]
[6.807107]
[6.807107]
[6.407107]
[6.407107]
[6.407107]
[6.407107]
[6.407107]
[6.407107]
[6.407107]
[6.407107]
[6.407107]
[6.407107]
[6.407107]
[6.407107]
[6.407107]
[6.407107]
[5.375000]
[5.375000]
[5.375000]
[5.375000]
[5.375000]
[5.375000]
[5.375000]
[5.375000]
[5.375000]
[5.375000]
[5.375000]
[5.375000]
[5.375000]
[5.375000]
[4.650000]
[4.650000]
[4.650000]
[4.650000]
[4.650000]
[4.650000]
[4.650000]
[4.650000]
[4.650000]
[4.650000]
[4.650000]
[4.650000]
[4.650000]
[4.650000]
[4.390990]
[4.390990]
[4.390990]
[4.390990]
[4.390990]
[4.390990]
[4.390990]
[4.390990]
[4.390990]
[4.390990]
[4.390990]
[4.390990]
[4.390990]
[4.390990]
[4.373528]
[4.373528]
[4.373528]
[4.373528]
[4.373528]
[4.373528]
[4.373528]
[4.373528]
[4.373528]
[4.373528]
[4.373528]
[4.373528]
[4.373528]
[4.373528]
[4.373528]
[4.373528]
[4.373528]
[4.373528]
[4.373528]
[4.373528]
[4.373528]
[4.373528]
[4.373528]
[4.373528]
[4.373528]
[4.373528]
[4.373528]
[4.373528]
[4.373528]
[4.373528]
[4.373528]
[4.373528]
[4.373528]
[4.373528]
[4.373528]
[4.373528]
[4.373528]
[4.373528]
[4.373528]
[4.373528]
[4.373528]
[4.373528]
[4.373528]
[4.373528]
[4.373528]
[4.373528]
[4.373528]
[4.373528]
[4.373528]
[4.373528]
[4.373528]
[4.373528]
[4.373528]
[4.373528]
[4.373528]
[4.373528]
[4.373528]
[4.373528]
[4.373528]
[4.373528]
[4.373528]
[4.373528]
[4.373528]
[4.373528]
[4.373528]
[4.373528]
[4.373528]
[4.373528]
[4.373528]
[4.373528]
[4.373528]
[4.373528]
[4.373528]
[4.373528]
[4.373528]
[4.373528]
[4.373528]
[4.373528]
[4.373528]
[4.373528]
[4.373528]
[4.373528]
[4.373528]
[4.373528]
[4.000000]
[4.000000]
[4.000000]
[4.000000]
[4.000000]
[4.000000]
[4.000000]
[4.000000]
[4.000000]
[4.000000]
[4.000000]
[4.000000]
[4.000000]
[4.000000]
[3.531371]
[3.531371]
[3.531371]
[3.531371]
[3.531371]
[3.531371]
[3.531371]
[3.531371]
[3.531371]
[3.531371]
[3.531371]
[3.531371]
[3.531371]
[3.531371]
[3.365685]
[3.365685]
[3.365685]
[3.365685]
[3.365685]
[3.365685]
[3.365685]
[3.365685]
[3.365685]
[3.365685]
[3.365685]
[3.365685]
[3.365685]
[3.365685]
[3.365685]
[3.365685]
[3.365685]
[3.365685]
[3.365685]
[3.365685]
[3.365685]
[3.365685]
[3.365685]
[3.365685]
[3.365685]
[3.365685]
[3.365685]
[3.365685]
[3.565686]
[3.565686]
[3.565686]
[3.565686]
[3.565686]
[3.565686]
[3.565686]
[3.565686]
[3.565686]
[3.565686]
[3.565686]
[3.565686]
[3.565686]
[3.565686]
[3.365685]
[3.365685]
[3.365685]
[3.365685]
[3.365685]
[3.365685]
[3.365685]
[3.365685]
[3.365685]
[3.365685]
[3.365685]
[3.365685]
[3.365685]
[3.365685]
[-9999.000000]
[-9999.000000]
[-9999.000000]
[-9999.000000]
[-9999.000000]
[-9999.000000]
[-9999.000000]
[-9999.000000]
[-9999.000000]
[-9999.000000]
[-9999.000000]
[-9999.000000]
[-9999.000000]
[-9999.000000]
[1414212.125000]
[1414212.125000]
[1414212.125000]
[1414212.125000]
[1414212.125000]
[1414212.125000]
[1414212.125000]
[1414212.125000]
[1414212.125000]
[1414212.125000]
[1414212.125000]
[1414212.125000]
[1414212.125000]
[1414212.125000]
[12.407108]
[12.407108]
[12.407108]
[12.407108]
[12.407108]
[12.407108]
[12.407108]
[12.407108]
[12.407108]
[12.407108]
[12.407108]
[12.407108]
[12.407108]
[12.407108]
[11.607108]
[11.607108]
[11.607108]
[11.607108]
[11.607108]
[11.607108]
[11.607108]
[11.607108]
[11.607108]
[11.607108]
[11.607108]
[11.607108]
[11.607108]
[11.607108]
[10.807108]
[10.807108]
[10.807108]
[10.807108]
[10.807108]
[10.807108]
[10.807108]
[10.807108]
[10.807108]
[10.807108]
[10.807108]
[10.807108]
[10.807108]
[10.807108]
[10.007108]
[10.007108]
[10.007108]
[10.007108]
[10.007108]
[10.007108]
[10.007108]
[10.007108]
[10.007108]
[10.007108]
[10.007108]
[10.007108]
[10.007108]
[10.007108]
[9.207108]
[9.207108]
[9.207108]
[9.207108]
[9.207108]
[9.207108]
[9.207108]
[9.207108]
[9.207108]
[9.207108]
[9.207108]
[9.207108]
[9.207108]
[9.207108]
[8.407107]
[8.407107]
[8.407107]
[8.407107]
[8.407107]
[8.407107]
[8.407107]
[8.407107]
[8.407107]
[8.407107]
[8.407107]
[8.407107]
[8.407107]
[8.407107]
[7.607108]
[7.607108]
[7.607108]
[7.607108]
[7.607108]
[7.607108]
[7.607108]
[7.607108]
[7.607108]
[7.607108]
[7.607108]
[7.607108]
[7.607108]
[7.607108]
[6.807107]
[6.807107]
[6.807107]
[6.807107]
[6.807107]
[6.807107]
[6.807107]
[6.807107]
[6.807107]
[6.807107]
[6.807107]
[6.807107]
[6.807107]
[6.807107]
[6.407107]
[6.407107]
[6.407107]
[6.407107]
[6.407107]
[6.407107]
[6.407107]
[6.407107]
[6.407107]
[6.407107]
[6.407107]
[6.407107]
[6.407107]
[6.407107]
[5.450000]
[5.450000]
[5.450000]
[5.450000]
[5.450000]
[5.450000]
[5.450000]
[5.450000]
[5.450000]
[5.450000]
[5.450000]
[5.450000]
[5.450000]
[5.450000]
[5.190990]
[5.190990]
[5.190990]
[5.190990]
[5.190990]
[5.190990]
[5.190990]
[5.190990]
[5.190990]
[5.190990]
[5.190990]
[5.190990]
[5.190990]
[5.190990]
[5.173528]
[5.173528]
[5.173528]
[5.173528]
[5.173528]
[5.173528]
[5.173528]
[5.173528]
[5.173528]
[5.173528]
[5.173528]
[5.173528]
[5.173528]
[5.173528]
[5.173528]
[5.173528]
[5.173528]
[5.173528]
[5.173528]
[5.173528]
[5.173528]
[5.173528]
[5.173528]
[5.173528]
[5.173528]
[5.173528]
[5.173528]
[5.173528]
[5.173528]
[5.173528]
[5.173528]
[5.173528]
[5.173528]
[5.173528]
[5.173528]
[5.173528]
[5.173528]
[5.173528]
[5.173528]
[5.173528]
[5.173528]
[5.173528]
[5.173528]
[5.173528]
[5.173528]
[5.173528]
[5.173528]
[5.173528]
[5.173528]
[5.173528]
[5.173528]
[5.173528]
[5.173528]
[5.173528]
[5.173528]
[5.173528]
[5.173528]
[5.173528]
[5.173528]
[5.173528]
[5.173528]
[5.173528]
[5.173528]
[5.173528]
[5.173528]
[5.173528]
[5.173528]
[5.173528]
[5.173528]
[5.173528]
[5.173528]
[5.173528]
[5.173528]
[5.173528]
[5.173528]
[5.173528]
[5.173528]
[5.173528]
[5.173528]
[5.173528]
[5.173528]
[5.173528]
[5.173528]
[5.173528]
[4.800000]
[4.800000]
[4.800000]
[4.800000]
[4.800000]
[4.800000]
[4.800000]
[4.800000]
[4.800000]
[4.800000]
[4.800000]
[4.800000]
[4.800000]
[4.800000]
[4.331371]
[4.331371]
[4.331371]
[4.331371]
[4.331371]
[4.331371]
[4.331371]
[4.331371]
[4.331371]
[4.331371]
[4.331371]
[4.331371]
[4.331371]
[4.331371]
[4.165686]
[4.165686]
[4.165686]
[4.165686]
[4.165686]
[4.165686]
[4.165686]
[4.165686]
[4.165686]
[4.165686]
[4.165686]
[4.165686]
[4.165686]
[4.165686]
[4.165686]
[4.165686]
[4.165686]
[4.165686]
[4.165686]
[4.165686]
[4.165686]
[4.165686]
[4.165686]
[4.165686]
[4.165686]
[4.165686]
[4.165686]
[4.165686]
[-9999.000000]
[-9999.000000]
[-9999.000000]
[-9999.000000]
[-9999.000000]
[-9999.000000]
[-9999.000000]
[-9999.000000]
[-9999.000000]
[-9999.000000]
[-9999.000000]
[-9999.000000]
[-9999.000000]
[-9999.000000]
[-9999.000000]
[-9999.000000]
[-9999.000000]
[-9999.000000]
[-9999.000000]
[-9999.000000]
[-9999.000000]
[-9999.000000]
[-9999.000000]
[-9999.000000]
[-9999.000000]
[-9999.000000]
[-9999.000000]
[-9999.000000]
[-9999.000000]
[-9999.000000]
[-9999.000000]
[-9999.000000]
[-9999.000000]
[-9999.000000]
[-9999.000000]
[-9999.000000]
[-9999.000000]
[-9999.000000]
[-9999.000000]
[-9999.000000]
[-9999.000000]
[-9999.000000]
[-9999.000000]
[-9999.000000]
[-9999.000000]
[-9999.000000]
[-9999.000000]
[-9999.000000]
[-9999.000000]
[-9999.000000]
[-9999.000000]
[-9999.000000]
[-9999.000000]
[-9999.000000]
[-9999.000000]
[-9999.000000]
[13.207108]
[13.207108]
[13.207108]
[13.207108]
[13.207108]
[13.207108]
[13.207108]
[13.207108]
[13.207108]
[13.207108]
[13.207108]
[13.207108]
[13.207108]
[13.207108]
[12.407108]
[12.407108]
[12.407108]
[12.407108]
[12.407108]
[12.407108]
[12.407108]
[12.407108]
[12.407108]
[12.407108]
[12.407108]
[12.407108]
[12.407108]
[12.407108]
[11.607108]
[11.607108]
[11.607108]
[11.607108]
[11.607108]
[11.607108]
[11.607108]
[11.607108]
[11.607108]
[11.607108]
[11.607108]
[11.607108]
[11.607108]
[11.607108]
[10.807108]
[10.807108]
[10.807108]
[10.807108]
[10.807108]
[10.807108]
[10.807108]
[10.807108]
[10.807108]
[10.807108]
[10.807108]
[10.807108]
[10.807108]
[10.807108]
[10.007108]
[10.007108]
[10.007108]
[10.007108]
[10.007108]
[10.007108]
[10.007108]
[10.007108]
[10.007108]
[10.007108]
[10.007108]
[10.007108]
[10.007108]
[10.007108]
[9.207108]
[9.207108]
[9.207108]
[9.207108]
[9.207108]
[9.207108]
[9.207108]
[9.207108]
[9.207108]
[9.207108]
[9.207108]
[9.207108]
[9.207108]
[9.207108]
[8.407107]
[8.407107]
[8.407107]
[8.407107]
[8.407107]
[8.407107]
[8.407107]
[8.407107]
[8.407107]
[8.407107]
[8.407107]
[8.407107]
[8.407107]
[8.407107]
[7.607108]
[7.607108]
[7.607108]
[7.607108]
[7.607108]
[7.607108]
[7.607108]
[7.607108]
[7.607108]
[7.607108]
[7.607108]
[7.607108]
[7.607108]
[7.607108]
[6.807107]
[6.807107]
[6.807107]
[6.807107]
[6.807107]
[6.807107]
[6.807107]
[6.807107]
[6.807107]
[6.807107]
[6.807107]
[6.807107]
[6.807107]
[6.807107]
[6.407107]
[6.407107]
[6.407107]
[6.407107]
[6.407107]
[6.407107]
[6.407107]
[6.407107]
[6.407107]
[6.407107]
[6.407107]
[6.407107]
[6.407107]
[6.407107]
[5.990991]
[5.990991]
[5.990991]
[5.990991]
[5.990991]
[5.990991]
[5.990991]
[5.990991]
[5.990991]
[5.990991]
[5.990991]
[5.990991]
[5.990991]
[5.990991]
[5.973528]
[5.973528]
[5.973528]
[5.973528]
[5.973528]
[5.973528]
[5.973528]
[5.973528]
[5.973528]
[5.973528]
[5.973528]
[5.973528]
[5.973528]
[5.973528]
[5.973528]
[5.973528]
[5.973528]
[5.973528]
[5.973528]
[5.973528]
[5.973528]
[5.973528]
[5.973528]
[5.973528]
[5.973528]
[5.973528]
[5.973528]
[5.973528]
[5.973528]
[5.973528]
[5.973528]
[5.973528]
[5.973528]
[5.973528]
[5.973528]
[5.973528]
[5.973528]
[5.973528]
[5.973528]
[5.973528]
[5.973528]
[5.973528]
[5.973528]
[5.973528]
[5.973528]
[5.973528]
[5.973528]
[5.973528]
[5.973528]
[5.973528]
[5.973528]
[5.973528]
[5.973528]
[5.973528]
[5.973528]
[5.973528]
[5.973528]
[5.973528]
[5.973528]
[5.973528]
[5.973528]
[5.973528]
[5.973528]
[5.973528]
[5.973528]
[5.973528]
[5.973528]
[5.973528]
[5.973528]
[5.973528]
[5.973528]
[5.973528]
[5.973528]
[5.973528]
[5.973528]
[5.973528]
[5.973528]
[5.973528]
[5.973528]
[5.973528]
[5.973528]
[5.973528]
[5.973528]
[5.973528]
[5.800000]
[5.800000]
[5.800000]
[5.800000]
[5.800000]
[5.800000]
[5.800000]
[5.800000]
[5.800000]
[5.800000]
[5.800000]
[5.800000]
[5.800000]
[5.800000]
[5.331371]
[5.331371]
[5.331371]
[5.331371]
[5.331371]
[5.331371]
[5.331371]
[5.331371]
[5.331371]
[5.331371]
[5.331371]
[5.331371]
[5.331371]
[5.331371]
[4.965686]
[4.965686]
[4.965686]
[4.965686]
[4.965686]
[4.965686]
[4.965686]
[4.965686]
[4.965686]
[4.965686]
[4.965686]
[4.965686]
[4.965686]
[4.965686]
[4.965686]
[4.965686]
[4.965686]
[4.965686]
[4.965686]
[4.965686]
[4.965686]
[4.965686]
[4.965686]
[4.965686]
[4.965686]
[4.965686]
[4.965686]
[4.965686]
[-9999.000000]
[-9999.000000]
[-9999.000000]
[-9999.000000]
[-9999.000000]
[-9999.000000]
[-9999.000000]
[-9999.000000]
[-9999.000000]
[-9999.000000]
[-9999.000000]
[-9999.000000]
[-9999.000000]
[-9999.000000]
[-9999.000000]
[-9999.000000]
[-9999.000000]
[-9999.000000]
[-9999.000000]
[-9999.000000]
[-9999.000000]
[-9999.000000]
[-9999.000000]
[-9999.000000]
[-9999.000000]
[-9999.000000]
[-9999.000000]
[-9999.000000]
[15.607109]
[15.607109]
[15.607109]
[15.607109]
[15.607109]
[15.607109]
[15.607109]
[15.607109]
[15.607109]
[15.607109]
[15.607109]
[15.607109]
[15.607109]
[15.607109]
[14.807109]
[14.807109]
[14.807109]
[14.807109]
[14.807109]
[14.807109]
[14.807109]
[14.807109]
[14.807109]
[14.807109]
[14.807109]
[14.807109]
[14.807109]
[14.807109]
[14.007109]
[14.007109]
[14.007109]
[14.007109]
[14.007109]
[14.007109]
[14.007109]
[14.007109]
[14.007109]
[14.007109]
[14.007109]
[14.007109]
[14.007109]
[14.007109]
[13.207108]
[13.207108]
[13.207108]
[13.207108]
[13.207108]
[13.207108]
[13.207108]
[13.207108]
[13.207108]
[13.207108]
[13.207108]
[13.207108]
[13.207108]
[13.207108]
[12.407108]
[12.407108]
[12.407108]
[12.407108]
[12.407108]
[12.407108]
[12.407108]
[12.407108]
[12.407108]
[12.407108]
[12.407108]
[12.407108]
[12.407108]
[12.407108]
[11.607108]
[11.607108]
[11.607108]
[11.607108]
[11.607108]
[11.607108]
[11.607108]
[11.607108]
[11.607108]
[11.607108]
[11.607108]
[11.607108]
[11.607108]
[11.607108]
[10.807108]
[10.807108]
[10.807108]
[10.807108]
[10.807108]
[10.807108]
[10.807108]
[10.807108]
[10.807108]
[10.807108]
[10.807108]
[10.807108]
[10.807108]
[10.807108]
[10.007108]
[10.007108]
[10.007108]
[10.007108]
[10.007108]
[10.007108]
[10.007108]
[10.007108]
[10.007108]
[10.007108]
[10.007108]
[10.007108]
[10.007108]
[10.007108]
[9.207108]
[9.207108]
[9.207108]
[9.207108]
[9.207108]
[9.207108]
[9.207108]
[9.207108]
[9.207108]
[9.207108]
[9.207108]
[9.207108]
[9.207108]
[9.207108]
[8.407107]
[8.407107]
[8.407107]
[8.407107]
[8.407107]
[8.407107]
[8.407107]
[8.407107]
[8.407107]
[8.407107]
[8.407107]
[8.407107]
[8.407107]
[8.407107]
[7.607108]
[7.607108]
[7.607108]
[7.607108]
[7.607108]
[7.607108]
[7.607108]
[7.607108]
[7.607108]
[7.607108]
[7.607108]
[7.607108]
[7.607108]
[7.607108]
[6.807107]
[6.807107]
[6.807107]
[6.807107]
[6.807107]
[6.807107]
[6.807107]
[6.807107]
[6.807107]
[6.807107]
[6.807107]
[6.807107]
[6.807107]
[6.807107]
[6.407107]
[6.407107]
[6.407107]
[6.407107]
[6.407107]
[6.407107]
[6.407107]
[6.407107]
[6.407107]
[6.407107]
[6.407107]
[6.407107]
[6.407107]
[6.407107]
[6.773529]
[6.773529]
[6.773529]
[6.773529]
[6.773529]
[6.773529]
[6.773529]
[6.773529]
[6.773529]
[6.773529]
[6.773529]
[6.773529]
[6.773529]
[6.773529]
[6.773529]
[6.773529]
[6.773529]
[6.773529]
[6.773529]
[6.773529]
[6.773529]
[6.773529]
[6.773529]
[6.773529]
[6.773529]
[6.773529]
[6.773529]
[6.773529]
[6.773529]
[6.773529]
[6.773529]
[6.773529]
[6.773529]
[6.773529]
[6.773529]
[6.773529]
[6.773529]
[6.773529]
[6.773529]
[6.773529]
[6.773529]
[6.773529]
[6.773529]
[6.773529]
[6.773529]
[6.773529]
[6.773529]
[6.773529]
[6.773529]
[6.773529]
[6.773529]
[6.773529]
[6.773529]
[6.773529]
[6.773529]
[6.773529]
[6.773529]
[6.773529]
[6.773529]
[6.773529]
[6.773529]
[6.773529]
[6.773529]
[6.773529]
[6.773529]
[6.773529]
[6.773529]
[6.773529]
[6.773529]
[6.773529]
[6.773529]
[6.773529]
[6.773529]
[6.773529]
[6.773529]
[6.773529]
[6.773529]
[6.773529]
[6.773529]
[6.773529]
[6.773529]
[6.773529]
[6.773529]
[6.773529]
[6.773529]
[6.773529]
[6.773529]
[6.773529]
[6.773529]
[6.773529]
[6.773529]
[6.773529]
[6.773529]
[6.773529]
[6.773529]
[6.773529]
[6.773529]
[6.773529]
[-9999.000000]
[-9999.000000]
[-9999.000000]
[-9999.000000]
[-9999.000000]
[-9999.000000]
[-9999.000000]
[-9999.000000]
[-9999.000000]
[-9999.000000]
[-9999.000000]
[-9999.000000]
[-9999.000000]
[-9999.000000]
[-9999.000000]
[-9999.000000]
[-9999.000000]
[-9999.000000]
[-9999.000000]
[-9999.000000]
[-9999.000000]
[-9999.000000]
[-9999.000000]
[-9999.000000]
[-9999.000000]
[-9999.000000]
[-9999.000000]
[-9999.000000]
[-9999.000000]
[-9999.000000]
[-9999.000000]
[-9999.000000]
[-9999.000000]
[-9999.000000]
[-9999.000000]
[-9999.000000]
[-9999.000000]
[-9999.000000]
[-9999.000000]
[-9999.000000]
[-9999.000000]
[-9999.000000]
[-9999.000000]
[-9999.000000]
[-9999.000000]
[-9999.000000]
[-9999.000000]
[-9999.000000]
[-9999.000000]
[-9999.000000]
[-9999.000000]
[-9999.000000]
[-9999.000000]
[-9999.000000]
[-9999.000000]
[-9999.000000]
[-9999.000000]
[-9999.000000]
[-9999.000000]
[-9999.000000]
[-9999.000000]
[-9999.000000]
[-9999.000000]
[-9999.000000]
[-9999.000000]
[-9999.000000]
[-9999.000000]
[-9999.000000]
[-9999.000000]
[-9999.000000]
[16.607109]
[16.607109]
[16.607109]
[16.607109]
[16.607109]
[16.607109]
[16.607109]
[16.607109]
[16.607109]
[16.607109]
[16.607109]
[16.607109]
[16.607109]
[16.607109]
[15.607109]
[15.607109]
[15.607109]
[15.607109]
[15.607109]
[15.607109]
[15.607109]
[15.607109]
[15.607109]
[15.607109]
[15.607109]
[15.607109]
[15.607109]
[15.607109]
[14.807109]
[14.807109]
[14.807109]
[14.807109]
[14.807109]
[14.807109]
[14.807109]
[14.807109]
[14.807109]
[14.807109]
[14.807109]
[14.807109]
[14.807109]
[14.807109]
[14.007109]
[14.007109]
[14.007109]
[14.007109]
[14.007109]
[14.007109]
[14.007109]
[14.007109]
[14.007109]
[14.007109]
[14.007109]
[14.007109]
[14.007109]
[14.007109]
[13.207108]
[13.207108]
[13.207108]
[13.207108]
[13.207108]
[13.207108]
[13.207108]
[13.207108]
[13.207108]
[13.207108]
[13.207108]
[13.207108]
[13.207108]
[13.207108]
[12.407108]
[12.407108]
[12.407108]
[12.407108]
[12.407108]
[12.407108]
[12.407108]
[12.407108]
[12.407108]
[12.407108]
[12.407108]
[12.407108]
[12.407108]
[12.407108]
[11.607108]
[11.607108]
[11.607108]
[11.607108]
[11.607108]
[11.607108]
[11.607108]
[11.607108]
[11.607108]
[11.607108]
[11.607108]
[11.607108]
[11.607108]
[11.607108]
[10.807108]
[10.807108]
[10.807108]
[10.807108]
[10.807108]
[10.807108]
[10.807108]
[10.807108]
[10.807108]
[10.807108]
[10.807108]
[10.807108]
[10.807108]
[10.807108]
[10.007108]
[10.007108]
[10.007108]
[10.007108]
[10.007108]
[10.007108]
[10.007108]
[10.007108]
[10.007108]
[10.007108]
[10.007108]
[10.007108]
[10.007108]
[10.007108]
[9.207108]
[9.207108]
[9.207108]
[9.207108]
[9.207108]
[9.207108]
[9.207108]
[9.207108]
[9.207108]
[9.207108]
[9.207108]
[9.207108]
[9.207108]
[9.207108]
[8.407107]
[8.407107]
[8.407107]
[8.407107]
[8.407107]
[8.407107]
[8.407107]
[8.407107]
[8.407107]
[8.407107]
[8.407107]
[8.407107]
[8.407107]
[8.407107]
[7.607108]
[7.607108]
[7.607108]
[7.607108]
[7.607108]
[7.607108]
[7.607108]
[7.607108]
[7.607108]
[7.607108]
[7.607108]
[7.607108]
[7.607108]
[7.607108]
[6.807107]
[6.807107]
[6.807107]
[6.807107]
[6.807107]
[6.807107]
[6.807107]
[6.807107]
[6.807107]
[6.807107]
[6.807107]
[6.807107]
[6.807107]
[6.807107]
[6.407107]
[6.407107]
[6.407107]
[6.407107]
[6.407107]
[6.407107]
[6.407107]
[6.407107]
[6.407107]
[6.407107]
[6.407107]
[6.407107]
[6.407107]
[6.407107]
[7.573529]
[7.573529]
[7.573529]
[7.573529]
[7.573529]
[7.573529]
[7.573529]
[7.573529]
[7.573529]
[7.573529]
[7.573529]
[7.573529]
[7.573529]
[7.573529]
[7.573529]
[7.573529]
[7.573529]
[7.573529]
[7.573529]
[7.573529]
[7.573529]
[7.573529]
[7.573529]
[7.573529]
[7.573529]
[7.573529]
[7.573529]
[7.573529]
[7.573529]
[7.573529]
[7.573529]
[7.573529]
[7.573529]
[7.573529]
[7.573529]
[7.573529]
[7.573529]
[7.573529]
[7.573529]
[7.573529]
[7.573529]
[7.573529]
[7.573529]
[7.573529]
[7.573529]
[7.573529]
[7.573529]
[7.573529]
[7.573529]
[7.573529]
[7.573529]
[7.573529]
[7.573529]
[7.573529]
[7.573529]
[7.573529]
[7.773529]
[7.773529]
[7.773529]
[7.773529]
[7.773529]
[7.773529]
[7.773529]
[7.773529]
[7.773529]
[7.773529]
[7.773529]
[7.773529]
[7.773529]
[7.773529]
[7.573529]
[7.573529]
[7.573529]
[7.573529]
[7.573529]
[7.573529]
[7.573529]
[7.573529]
[7.573529]
[7.573529]
[7.573529]
[7.573529]
[7.573529]
[7.573529]
[-9999.000000]
[-9999.000000]
[-9999.000000]
[-9999.000000]
[-9999.000000]
[-9999.000000]
[-9999.000000]
[-9999.000000]
[-9999.000000]
[-9999.000000]
[-9999.000000]
[-9999.000000]
[-9999.000000]
[-9999.000000]
[-9999.000000]
[-9999.000000]
[-9999.000000]
[-9999.000000]
[-9999.000000]
[-9999.000000]
[-9999.000000]
[-9999.000000]
[-9999.000000]
[-9999.000000]
[-9999.000000]
[-9999.000000]
[-9999.000000]
[-9999.000000]
[19.607105]
[19.607105]
[19.607105]
[19.607105]
[19.607105]
[19.607105]
[19.607105]
[19.607105]
[19.607105]
[19.607105]
[19.607105]
[19.607105]
[19.607105]
[19.607105]
[18.807106]
[18.807106]
[18.807106]
[18.807106]
[18.807106]
[18.807106]
[18.807106]
[18.807106]
[18.807106]
[18.807106]
[18.807106]
[18.807106]
[18.807106]
[18.807106]
[18.007107]
[18.007107]
[18.007107]
[18.007107]
[18.007107]
[18.007107]
[18.007107]
[18.007107]
[18.007107]
[18.007107]
[18.007107]
[18.007107]
[18.007107]
[18.007107]
[17.407108]
[17.407108]
[17.407108]
[17.407108]
[17.407108]
[17.407108]
[17.407108]
[17.407108]
[17.407108]
[17.407108]
[17.407108]
[17.407108]
[17.407108]
[17.407108]
[16.407108]
[16.407108]
[16.407108]
[16.407108]
[16.407108]
[16.407108]
[16.407108]
[16.407108]
[16.407108]
[16.407108]
[16.407108]
[16.407108]
[16.407108]
[16.407108]
[15.607109]
[15.607109]
[15.607109]
[15.607109]
[15.607109]
[15.607109]
[15.607109]
[15.607109]
[15.607109]
[15.607109]
[15.607109]
[15.607109]
[15.607109]
[15.607109]
[14.807109]
[14.807109]
[14.807109]
[14.807109]
[14.807109]
[14.807109]
[14.807109]
[14.807109]
[14.807109]
[14.807109]
[14.807109]
[14.807109]
[14.807109]
[14.807109]
[14.007109]
[14.007109]
[14.007109]
[14.007109]
[14.007109]
[14.007109]
[14.007109]
[14.007109]
[14.007109]
[14.007109]
[14.007109]
[14.007109]
[14.007109]
[14.007109]
[13.207108]
[13.207108]
[13.207108]
[13.207108]
[13.207108]
[13.207108]
[13.207108]
[13.207108]
[13.207108]
[13.207108]
[13.207108]
[13.207108]
[13.207108]
[13.207108]
[12.407108]
[12.407108]
[12.407108]
[12.407108]
[12.407108]
[12.407108]
[12.407108]
[12.407108]
[12.407108]
[12.407108]
[12.407108]
[12.407108]
[12.407108]
[12.407108]
[11.607108]
[11.607108]
[11.607108]
[11.607108]
[11.607108]
[11.607108]
[11.607108]
[11.607108]
[11.607108]
[11.607108]
[11.607108]
[11.607108]
[11.607108]
[11.607108]
[10.807108]
[10.807108]
[10.807108]
[10.807108]
[10.807108]
[10.807108]
[10.807108]
[10.807108]
[10.807108]
[10.807108]
[10.807108]
[10.807108]
[10.807108]
[10.807108]
[10.007108]
[10.007108]
[10.007108]
[10.007108]
[10.007108]
[10.007108]
[10.007108]
[10.007108]
[10.007108]
[10.007108]
[10.007108]
[10.007108]
[10.007108]
[10.007108]
[9.207108]
[9.207108]
[9.207108]
[9.207108]
[9.207108]
[9.207108]
[9.207108]
[9.207108]
[9.207108]
[9.207108]
[9.207108]
[9.207108]
[9.207108]
[9.207108]
[8.407107]
[8.407107]
[8.407107]
[8.407107]
[8.407107]
[8.407107]
[8.407107]
[8.407107]
[8.407107]
[8.407107]
[8.407107]
[8.407107]
[8.407107]
[8.407107]
[7.607108]
[7.607108]
[7.607108]
[7.607108]
[7.607108]
[7.607108]
[7.607108]
[7.607108]
[7.607108]
[7.607108]
[7.607108]
[7.607108]
[7.607108]
[7.607108]
[6.807107]
[6.807107]
[6.807107]
[6.807107]
[6.807107]
[6.807107]
[6.807107]
[6.807107]
[6.807107]
[6.807107]
[6.807107]
[6.807107]
[6.807107]
[6.807107]
[6.407107]
[6.407107]
[6.407107]
[6.407107]
[6.407107]
[6.407107]
[6.407107]
[6.407107]
[6.407107]
[6.407107]
[6.407107]
[6.407107]
[6.407107]
[6.407107]
[8.373528]
[8.373528]
[8.373528]
[8.373528]
[8.373528]
[8.373528]
[8.373528]
[8.373528]
[8.373528]
[8.373528]
[8.373528]
[8.373528]
[8.373528]
[8.373528]
[8.373528]
[8.373528]
[8.373528]
[8.373528]
[8.373528]
[8.373528]
[8.373528]
[8.373528]
[8.373528]
[8.373528]
[8.373528]
[8.373528]
[8.373528]
[8.373528]
[8.373528]
[8.373528]
[8.373528]
[8.373528]
[8.373528]
[8.373528]
[8.373528]
[8.373528]
[8.373528]
[8.373528]
[8.373528]
[8.373528]
[8.373528]
[8.373528]
[8.373528]
[8.373528]
[8.373528]
[8.373528]
[8.373528]
[8.373528]
[8.373528]
[8.373528]
[8.373528]
[8.373528]
[8.373528]
[8.373528]
[8.373528]
[8.373528]
[8.373528]
[8.373528]
[8.373528]
[8.373528]
[8.373528]
[8.373528]
[8.373528]
[8.373528]
[8.373528]
[8.373528]
[8.373528]
[8.373528]
[8.373528]
[8.373528]
[-9999.000000]
[-9999.000000]
[-9999.000000]
[-9999.000000]
[-9999.000000]
[-9999.000000]
[-9999.000000]
[-9999.000000]
[-9999.000000]
[-9999.000000]
[-9999.000000]
[-9999.000000]
[-9999.000000]
[-9999.000000]
[-9999.000000]
[-9999.000000]
[-9999.000000]
[-9999.000000]
[-9999.000000]
[-9999.000000]
[-9999.000000]
[-9999.000000]
[-9999.000000]
[-9999.000000]
[-9999.000000]
[-9999.000000]
[-9999.000000]
[-9999.000000]
[20.407104]
[20.407104]
[20.407104]
[20.407104]
[20.407104]
[20.407104]
[20.407104]
[20.407104]
[20.407104]
[20.407104]
[20.407104]
[20.407104]
[20.407104]
[20.407104]
[19.607105]
[19.607105]
[19.607105]
[19.607105]
[19.607105]
[19.607105]
[19.607105]
[19.607105]
[19.607105]
[19.607105]
[19.607105]
[19.607105]
[19.607105]
[19.607105]
[18.807106]
[18.807106]
[18.807106]
[18.807106]
[18.807106]
[18.807106]
[18.807106]
[18.807106]
[18.807106]
[18.807106]
[18.807106]
[18.807106]
[18.807106]
[18.807106]
[18.007107]
[18.007107]
[18.007107]
[18.007107]
[18.007107]
[18.007107]
[18.007107]
[18.007107]
[18.007107]
[18.007107]
[18.007107]
[18.007107]
[18.007107]
[18.007107]
[17.207108]
[17.207108]
[17.207108]
[17.207108]
[17.207108]
[17.207108]
[17.207108]
[17.207108]
[17.207108]
[17.207108]
[17.207108]
[17.207108]
[17.207108]
[17.207108]
[16.407108]
[16.407108]
[16.407108]
[16.407108]
[16.407108]
[16.407108]
[16.407108]
[16.407108]
[16.407108]
[16.407108]
[16.407108]
[16.407108]
[16.407108]
[16.407108]
[15.607109]
[15.607109]
[15.607109]
[15.607109]
[15.607109]
[15.607109]
[15.607109]
[15.607109]
[15.607109]
[15.607109]
[15.607109]
[15.607109]
[15.607109]
[15.607109]
[14.807109]
[14.807109]
[14.807109]
[14.807109]
[14.807109]
[14.807109]
[14.807109]
[14.807109]
[14.807109]
[14.807109]
[14.807109]
[14.807109]
[14.807109]
[14.807109]
[14.007109]
[14.007109]
[14.007109]
[14.007109]
[14.007109]
[14.007109]
[14.007109]
[14.007109]
[14.007109]
[14.007109]
[14.007109]
[14.007109]
[14.007109]
[14.007109]
[13.207108]
[13.207108]
[13.207108]
[13.207108]
[13.207108]
[13.207108]
[13.207108]
[13.207108]
[13.207108]
[13.207108]
[13.207108]
[13.207108]
[13.207108]
[13.207108]
[12.407108]
[12.407108]
[12.407108]
[12.407108]
[12.407108]
[12.407108]
[12.407108]
[12.407108]
[12.407108]
[12.407108]
[12.407108]
[12.407108]
[12.407108]
[12.407108]
[11.607108]
[11.607108]
[11.607108]
[11.607108]
[11.607108]
[11.607108]
[11.607108]
[11.607108]
[11.607108]
[11.607108]
[11.607108]
[11.607108]
[11.607108]
[11.607108]
[10.807108]
[10.807108]
[10.807108]
[10.807108]
[10.807108]
[10.807108]
[10.807108]
[10.807108]
[10.807108]
[10.807108]
[10.807108]
[10.807108]
[10.807108]
[10.807108]
[10.007108]
[10.007108]
[10.007108]
[10.007108]
[10.007108]
[10.007108]
[10.007108]
[10.007108]
[10.007108]
[10.007108]
[10.007108]
[10.007108]
[10.007108]
[10.007108]
[9.207108]
[9.207108]
[9.207108]
[9.207108]
[9.207108]
[9.207108]
[9.207108]
[9.207108]
[9.207108]
[9.207108]
[9.207108]
[9.207108]
[9.207108]
[9.207108]
[8.407107]
[8.407107]
[8.407107]
[8.407107]
[8.407107]
[8.407107]
[8.407107]
[8.407107]
[8.407107]
[8.407107]
[8.407107]
[8.407107]
[8.407107]
[8.407107]
[7.607108]
[7.607108]
[7.607108]
[7.607108]
[7.607108]
[7.607108]
[7.607108]
[7.607108]
[7.607108]
[7.607108]
[7.607108]
[7.607108]
[7.607108]
[7.607108]
[6.807107]
[6.807107]
[6.807107]
[6.807107]
[6.807107]
[6.807107]
[6.807107]
[6.807107]
[6.807107]
[6.807107]
[6.807107]
[6.807107]
[6.807107]
[6.807107]
[6.407107]
[6.407107]
[6.407107]
[6.407107]
[6.407107]
[6.407107]
[6.407107]
[6.407107]
[6.407107]
[6.407107]
[6.407107]
[6.407107]
[6.407107]
[6.407107]
[9.173529]
[9.173529]
[9.173529]
[9.173529]
[9.173529]
[9.173529]
[9.173529]
[9.173529]
[9.173529]
[9.173529]
[9.173529]
[9.173529]
[9.173529]
[9.173529]
[9.173529]
[9.173529]
[9.173529]
[9.173529]
[9.173529]
[9.173529]
[9.173529]
[9.173529]
[9.173529]
[9.173529]
[9.173529]
[9.173529]
[9.173529]
[9.173529]
[9.173529]
[9.173529]
[9.173529]
[9.173529]
[9.173529]
[9.173529]
[9.173529]
[9.173529]
[9.173529]
[9.173529]
[9.173529]
[9.173529]
[9.173529]
[9.173529]
[9.173529]
[9.173529]
[9.173529]
[9.173529]
[9.173529]
[9.173529]
[9.173529]
[9.173529]
[9.173529]
[9.173529]
[9.173529]
[9.173529]
[9.173529]
[9.173529]
[9.173529]
[9.173529]
[9.173529]
[9.173529]
[9.173529]
[9.173529]
[9.173529]
[9.173529]
[9.173529]
[9.173529]
[9.173529]
[9.173529]
[9.173529]
[9.173529]
[-9999.000000]
[-9999.000000]
[-9999.000000]
[-9999.000000]
[-9999.000000]
[-9999.000000]
[-9999.000000]
[-9999.000000]
[-9999.000000]
[-9999.000000]
[-9999.000000]
[-9999.000000]
[-9999.000000]
[-9999.000000]
[21.407104]
[21.407104]
[21.407104]
[21.407104]
[21.407104]
[21.407104]
[21.407104]
[21.407104]
[21.407104]
[21.407104]
[21.407104]
[21.407104]
[21.407104]
[21.407104]
[20.607105]
[20.607105]
[20.607105]
[20.607105]
[20.607105]
[20.607105]
[20.607105]
[20.607105]
[20.607105]
[20.607105]
[20.607105]
[20.607105]
[20.607105]
[20.607105]
[19.607105]
[19.607105]
[19.607105]
[19.607105]
[19.607105]
[19.607105]
[19.607105]
[19.607105]
[19.607105]
[19.607105]
[19.607105]
[19.607105]
[19.607105]
[19.607105]
[18.807106]
[18.807106]
[18.807106]
[18.807106]
[18.807106]
[18.807106]
[18.807106]
[18.807106]
[18.807106]
[18.807106]
[18.807106]
[18.807106]
[18.807106]
[18.807106]
[18.007107]
[18.007107]
[18.007107]
[18.007107]
[18.007107]
[18.007107]
[18.007107]
[18.007107]
[18.007107]
[18.007107]
[18.007107]
[18.007107]
[18.007107]
[18.007107]
[17.207108]
[17.207108]
[17.207108]
[17.207108]
[17.207108]
[17.207108]
[17.207108]
[17.207108]
[17.207108]
[17.207108]
[17.207108]
[17.207108]
[17.207108]
[17.207108]
[16.407108]
[16.407108]
[16.407108]
[16.407108]
[16.407108]
[16.407108]
[16.407108]
[16.407108]
[16.407108]
[16.407108]
[16.407108]
[16.407108]
[16.407108]
[16.407108]
[15.607109]
[15.607109]
[15.607109]
[15.607109]
[15.607109]
[15.607109]
[15.607109]
[15.607109]
[15.607109]
[15.607109]
[15.607109]
[15.607109]
[15.607109]
[15.607109]
[14.807109]
[14.807109]
[14.807109]
[14.807109]
[14.807109]
[14.807109]
[14.807109]
[14.807109]
[14.807109]
[14.807109]
[14.807109]
[14.807109]
[14.807109]
[14.807109]
[14.007109]
[14.007109]
[14.007109]
[14.007109]
[14.007109]
[14.007109]
[14.007109]
[14.007109]
[14.007109]
[14.007109]
[14.007109]
[14.007109]
[14.007109]
[14.007109]
[13.207108]
[13.207108]
[13.207108]
[13.207108]
[13.207108]
[13.207108]
[13.207108]
[13.207108]
[13.207108]
[13.207108]
[13.207108]
[13.207108]
[13.207108]
[13.207108]
[12.407108]
[12.407108]
[12.407108]
[12.407108]
[12.407108]
[12.407108]
[12.407108]
[12.407108]
[12.407108]
[12.407108]
[12.407108]
[12.407108]
[12.407108]
[12.407108]
[11.607108]
[11.607108]
[11.607108]
[11.607108]
[11.607108]
[11.607108]
[11.607108]
[11.607108]
[11.607108]
[11.607108]
[11.607108]
[11.607108]
[11.607108]
[11.607108]
[10.807108]
[10.807108]
[10.807108]
[10.807108]
[10.807108]
[10.807108]
[10.807108]
[10.807108]
[10.807108]
[10.807108]
[10.807108]
[10.807108]
[10.807108]
[10.807108]
[10.007108]
[10.007108]
[10.007108]
[10.007108]
[10.007108]
[10.007108]
[10.007108]
[10.007108]
[10.007108]
[10.007108]
[10.007108]
[10.007108]
[10.007108]
[10.007108]
[9.207108]
[9.207108]
[9.207108]
[9.207108]
[9.207108]
[9.207108]
[9.207108]
[9.207108]
[9.207108]
[9.207108]
[9.207108]
[9.207108]
[9.207108]
[9.207108]
[8.407107]
[8.407107]
[8.407107]
[8.407107]
[8.407107]
[8.407107]
[8.407107]
[8.407107]
[8.407107]
[8.407107]
[8.407107]
[8.407107]
[8.407107]
[8.407107]
[7.607108]
[7.607108]
[7.607108]
[7.607108]
[7.607108]
[7.607108]
[7.607108]
[7.607108]
[7.607108]
[7.607108]
[7.607108]
[7.607108]
[7.607108]
[7.607108]
[6.807107]
[6.807107]
[6.807107]
[6.807107]
[6.807107]
[6.807107]
[6.807107]
[6.807107]
[6.807107]
[6.807107]
[6.807107]
[6.807107]
[6.807107]
[6.807107]
[6.407107]
[6.407107]
[6.407107]
[6.407107]
[6.407107]
[6.407107]
[6.407107]
[6.407107]
[6.407107]
[6.407107]
[6.407107]
[6.407107]
[6.407107]
[6.407107]
[9.973529]
[9.973529]
[9.973529]
[9.973529]
[9.973529]
[9.973529]
[9.973529]
[9.973529]
[9.973529]
[9.973529]
[9.973529]
[9.973529]
[9.973529]
[9.973529]
[9.973529]
[9.973529]
[9.973529]
[9.973529]
[9.973529]
[9.973529]
[9.973529]
[9.973529]
[9.973529]
[9.973529]
[9.973529]
[9.973529]
[9.973529]
[9.973529]
[9.973529]
[9.973529]
[9.973529]
[9.973529]
[9.973529]
[9.973529]
[9.973529]
[9.973529]
[9.973529]
[9.973529]
[9.973529]
[9.973529]
[9.973529]
[9.973529]
[9.973529]
[9.973529]
[9.973529]
[9.973529]
[9.973529]
[9.973529]
[9.973529]
[9.973529]
[9.973529]
[9.973529]
[9.973529]
[9.973529]
[9.973529]
[9.973529]
[9.973529]
[9.973529]
[9.973529]
[9.973529]
[9.973529]
[9.973529]
[9.973529]
[9.973529]
[9.973529]
[9.973529]
[9.973529]
[9.973529]
[9.973529]
[9.973529]
[-9999.000000]
[-9999.000000]
[-9999.000000]
[-9999.000000]
[-9999.000000]
[-9999.000000]
[-9999.000000]
[-9999.000000]
[-9999.000000]
[-9999.000000]
[-9999.000000]
[-9999.000000]
[-9999.000000]
[-9999.000000]
[21.807106]
[21.807106]
[21.807106]
[21.807106]
[21.807106]
[21.807106]
[21.807106]
[21.807106]
[21.807106]
[21.807106]
[21.807106]
[21.807106]
[21.807106]
[21.807106]
[20.607105]
[20.607105]
[20.607105]
[20.607105]
[20.607105]
[20.607105]
[20.607105]
[20.607105]
[20.607105]
[20.607105]
[20.607105]
[20.607105]
[20.607105]
[20.607105]
[19.607105]
[19.607105]
[19.607105]
[19.607105]
[19.607105]
[19.607105]
[19.607105]
[19.607105]
[19.607105]
[19.607105]
[19.607105]
[19.607105]
[19.607105]
[19.607105]
[18.807106]
[18.807106]
[18.807106]
[18.807106]
[18.807106]
[18.807106]
[18.807106]
[18.807106]
[18.807106]
[18.807106]
[18.807106]
[18.807106]
[18.807106]
[18.807106]
[18.007107]
[18.007107]
[18.007107]
[18.007107]
[18.007107]
[18.007107]
[18.007107]
[18.007107]
[18.007107]
[18.007107]
[18.007107]
[18.007107]
[18.007107]
[18.007107]
[17.207108]
[17.207108]
[17.207108]
[17.207108]
[17.207108]
[17.207108]
[17.207108]
[17.207108]
[17.207108]
[17.207108]
[17.207108]
[17.207108]
[17.207108]
[17.207108]
[16.407108]
[16.407108]
[16.407108]
[16.407108]
[16.407108]
[16.407108]
[16.407108]
[16.407108]
[16.407108]
[16.407108]
[16.407108]
[16.407108]
[16.407108]
[16.407108]
[15.607109]
[15.607109]
[15.607109]
[15.607109]
[15.607109]
[15.607109]
[15.607109]
[15.607109]
[15.607109]
[15.607109]
[15.607109]
[15.607109]
[15.607109]
[15.607109]
[14.807109]
[14.807109]
[14.807109]
[14.807109]
[14.807109]
[14.807109]
[14.807109]
[14.807109]
[14.807109]
[14.807109]
[14.807109]
[14.807109]
[14.807109]
[14.807109]
[14.007109]
[14.007109]
[14.007109]
[14.007109]
[14.007109]
[14.007109]
[14.007109]
[14.007109]
[14.007109]
[14.007109]
[14.007109]
[14.007109]
[14.007109]
[14.007109]
[13.207108]
[13.207108]
[13.207108]
[13.207108]
[13.207108]
[13.207108]
[13.207108]
[13.207108]
[13.207108]
[13.207108]
[13.207108]
[13.207108]
[13.207108]
[13.207108]
[12.407108]
[12.407108]
[12.407108]
[12.407108]
[12.407108]
[12.407108]
[12.407108]
[12.407108]
[12.407108]
[12.407108]
[12.407108]
[12.407108]
[12.407108]
[12.407108]
[11.607108]
[11.607108]
[11.607108]
[11.607108]
[11.607108]
[11.607108]
[11.607108]
[11.607108]
[11.607108]
[11.607108]
[11.607108]
[11.607108]
[11.607108]
[11.607108]
[10.807108]
[10.807108]
[10.807108]
[10.807108]
[10.807108]
[10.807108]
[10.807108]
[10.807108]
[10.807108]
[10.807108]
[10.807108]
[10.807108]
[10.807108]
[10.807108]
[10.007108]
[10.007108]
[10.007108]
[10.007108]
[10.007108]
[10.007108]
[10.007108]
[10.007108]
[10.007108]
[10.007108]
[10.007108]
[10.007108]
[10.007108]
[10.007108]
[9.207108]
[9.207108]
[9.207108]
[9.207108]
[9.207108]
[9.207108]
[9.207108]
[9.207108]
[9.207108]
[9.207108]
[9.207108]
[9.207108]
[9.207108]
[9.207108]
[8.407107]
[8.407107]
[8.407107]
[8.407107]
[8.407107]
[8.407107]
[8.407107]
[8.407107]
[8.407107]
[8.407107]
[8.407107]
[8.407107]
[8.407107]
[8.407107]
[7.607108]
[7.607108]
[7.607108]
[7.607108]
[7.607108]
[7.607108]
[7.607108]
[7.607108]
[7.607108]
[7.607108]
[7.607108]
[7.607108]
[7.607108]
[7.607108]
[6.807107]
[6.807107]
[6.807107]
[6.807107]
[6.807107]
[6.807107]
[6.807107]
[6.807107]
[6.807107]
[6.807107]
[6.807107]
[6.807107]
[6.807107]
[6.807107]
[6.407107]
[6.407107]
[6.407107]
[6.407107]
[6.407107]
[6.407107]
[6.407107]
[6.407107]
[6.407107]
[6.407107]
[6.407107]
[6.407107]
[6.407107]
[6.407107]
Comienza a copiar
Termina de copiar
Cuda execution finished
