-8.44349e+24
0
-8.44349e+24
0
9.29051e-38
0
9.29051e-38
0
0
-6.14018e+29
-4.25456e+37
0
2.43561e-29
3.4234e+17
7.90001e-38
4.02927e-05
1.11022e-16
-1.32817e+21
-5.31795e+37
4.81012e-34
8.48777e-38
1.71706e+17
0
1.62165e+17
2.43696e-29
1.21316e+17
-8.11453e+32
0
2.43696e-29
1.21635e+17
-nan
-1.46937e-38
0
-1.32243e-38
1.29272e-25
0
-nan
4.76456e-22
0
-1.32243e-38
0
4.76456e-22
-5.3844e+37
0
2.43592e-29
6.67134e+16
1.23425e-37
1.62165e+17
0
4.76456e-22
-1.48894e+38
0
9.0745e-38
4.02927e-05
1.23424e-37
1.62165e+17
1.4063e-07
-5.94211e+29
-nan
0
1.97468e-38
1.05351e+17
0
-6.14018e+29
0
3.4234e+17
-1.27627e+38
0
2.26834e-38
3.4234e+17
2.43599e-29
1.21316e+17
2.43599e-29
1.21645e+17
-4.25456e+37
0
8.48675e-38
1.21319e+17
7.18956e-09
1.25548e+17
0
-2.43945e-19
-2.6922e+37
0
2.43584e-29
1.21316e+17
2.43584e-29
1.22169e+17
0
-3.38542e-36
-1.06359e+38
0
2.43696e-29
1.21316e+17
-nan
4.76456e-22
2.43696e-29
1.21635e+17
-1.07688e+38
0
2.43615e-29
1.21316e+17
7.90375e-38
4.02927e-05
2.43615e-29
1.22174e+17
-5.31794e+37
4.81012e-34
8.49149e-38
1.71706e+17
9.92715e-38
1.62165e+17
0
6.4224e-06
-4.25456e+37
0
2.43608e-29
1.22739e+17
0
2.50372e-06
0
-1.76183e-19
0.375061
4.8073e-34
-nan
4.76456e-22
0
-4.51028e-17
7.90359e-38
4.02927e-05
-3.32369e+36
4.80965e-34
0
-8.66668e-34
8.49136e-38
1.71706e+17
-nan
1.38888e-05
-5.31794e+37
0
0
1.62165e+17
0
4.76456e-22
2.21875e-37
3.4234e+17
-3.32372e+36
0
9.07924e-38
4.02927e-05
1.23425e-37
1.62165e+17
0
4.76456e-22
-2.65897e+37
0
1.23424e-37
1.62165e+17
1.97601e-38
5.82801e+14
-9.67142e+24
-8.85732e+20
-5.31795e+37
0
0
-6.14018e+29
2.43599e-29
1.21316e+17
0
4.23516e-22
-5.35117e+37
4.80777e-34
0
2.50349e-06
2.43599e-29
1.22208e+17
2.43696e-29
1.21316e+17
-4.25457e+37
0
0
6.67134e+16
2.43696e-29
1.22761e+17
0
-6.245e-17
-4.25456e+37
0
2.43615e-29
1.21316e+17
2.43615e-29
1.233e+17
0
-1.15463e-14
-nan
0
0
-2.95586e-12
-7.30146e+10
-8.85732e+20
0
-6.14018e+29
-nan
4.81012e-34
0
-3.54177e+21
0
-3.54177e+21
2.43599e-29
1.21316e+17
-9.73713e+32
1.8773e-36
2.43599e-29
1.21608e+17
0
-0
2.43576e-29
6.61505e+16
-1.27627e+38
0
0
-3.54177e+21
2.37745e-29
1.21316e+17
2.37745e-29
1.21625e+17
-5.31791e+37
1.87804e-36
0
-1.6163e-38
1.68059e-38
3.4234e+17
2.77372e-38
6.55842e+16
-2.65897e+37
0
0
3.4234e+17
2.4363e-29
6.39344e+16
3.06781e-38
6.50559e+16
-8.22589e+36
0
2.79259e-38
3.60387e+16
2.79259e-38
3.61692e+16
1.24936e-38
4.9543e+16
-1.28956e+38
0
8.5232e-38
4.02927e-05
4.99672e-38
1.71704e+17
1.24979e-38
1.62165e+17
-2.6922e+37
0
2.4457e-29
1.21316e+17
2.4457e-29
1.22166e+17
0
-3.38542e-36
-1.27626e+38
0
0
2.45122e-06
0
2.21522e+07
0
3.0756e-05
-nan
4.80777e-34
2.43584e-29
6.61505e+16
0
-3.54177e+21
7.31111e-38
3.60392e+16
-5.38441e+37
4.80965e-34
3.65556e-38
3.61692e+16
0
4.9543e+16
2.43561e-29
1.21316e+17
-3.32371e+36
0
0
4.76837e-05
2.43561e-29
1.2329e+17
8.48647e-38
4.02927e-05
-1.70182e+38
0
2.77394e-38
3.61692e+16
1.38758e-38
1.62693e+17
1.2406e-38
1.62165e+17
-1.27626e+38
0
0
-2.21867e-31
2.43561e-29
1.21316e+17
2.43561e-29
1.21601e+17
-2.97788e+38
0
1.38808e-38
1.62693e+17
2.77393e-38
3.60387e+16
1.24118e-38
1.62165e+17
-5.31791e+37
0
0
-1.32243e-38
2.43572e-29
1.21316e+17
0
4.95397e+16
-5.31793e+37
0
2.43572e-29
1.22734e+17
8.4866e-38
4.02927e-05
1.69732e-37
1.71704e+17
-8.11454e+32
4.81012e-34
0
1.62165e+17
0
-8.66668e-34
2.43588e-29
1.21316e+17
-1.13597e+33
0
2.43588e-29
1.22161e+17
0
-3.38542e-36
1.55531e-07
-5.94211e+29
-1.06359e+38
0
1.5338e-38
2.43194e+17
1.4063e-07
-5.94211e+29
0
1.49031e-08
-2.67559e+37
0
0
1.06968e+17
2.43572e-29
1.04216e+17
0
1.04216e+17
-4.25457e+37
0
0
-3.54177e+21
1.06576e-28
6.4224e-06
0
-6.245e-17
-8.11453e+32
0
2.43661e-29
1.21625e+17
0
-1.32243e-38
0
2.44429e-06
-1.2962e+38
0
7.89786e-38
4.02927e-05
8.4856e-38
1.71706e+17
0
1.62165e+17
-2.6922e+37
0
2.43561e-29
1.21316e+17
2.43561e-29
1.22166e+17
0
-4.51028e-17
-5.31791e+37
1.23079e-31
0
-1.32243e-38
0
2.44432e-06
7.89786e-38
4.02927e-05
-5.31794e+37
4.81012e-34
8.4856e-38
1.71706e+17
1.24089e-38
1.62165e+17
0
6.4224e-06
8.47197e-21
0
2.43561e-29
1.22168e+17
0
-4.51028e-17
0
-1.32243e-38
-8.10127e+36
0
7.89786e-38
4.02927e-05
8.4856e-38
1.71706e+17
1.24089e-38
1.62165e+17
-2.6922e+37
0
0
6.4224e-06
2.43561e-29
1.22166e+17
0
-6.245e-17
-5.31791e+37
0
0
-1.32243e-38
2.43561e-29
6.67134e+16
0
4.23516e-22
-nan
0
0
-2.43945e-19
0
-3.54177e+21
2.43561e-29
3.4234e+17
-5.38544e+37
0
7.90001e-38
4.02927e-05
5.55112e-17
-1.32817e+21
8.48777e-38
1.71706e+17
-1.27627e+38
0
0
1.62165e+17
2.43696e-29
1.21316e+17
2.43696e-29
1.21635e+17
-8.11449e+32
0
-nan
-1.46937e-38
0
-1.32243e-38
-nan
4.76456e-22
-6.64625e+36
4.80777e-34
0
-1.32243e-38
0
4.76456e-22
2.43592e-29
6.67134e+16
-5.45087e+37
0
1.23425e-37
1.62165e+17
0
4.76456e-22
9.0745e-38
4.02927e-05
-7.44471e+37
0
1.23424e-37
1.62165e+17
1.4063e-07
-5.94211e+29
1.97468e-38
1.05351e+17
-5.31795e+37
0
0
-6.14018e+29
0
3.4234e+17
2.26834e-38
3.4234e+17
-5.38441e+37
0
2.43599e-29
1.21316e+17
2.43599e-29
1.21645e+17
8.48675e-38
1.21319e+17
8.47197e-21
4.81012e-34
7.18956e-09
1.25548e+17
0
-2.43945e-19
2.43584e-29
1.21316e+17
-8.11453e+32
0
2.43584e-29
1.22169e+17
0
-3.38542e-36
2.43696e-29
1.21316e+17
-5.31794e+37
4.80777e-34
-nan
4.76456e-22
2.43696e-29
1.21635e+17
2.43615e-29
1.21316e+17
-5.38441e+37
0
7.90375e-38
4.02927e-05
2.43615e-29
1.22174e+17
8.49149e-38
1.71706e+17
-1.27627e+38
0
9.92715e-38
1.62165e+17
0
6.4224e-06
2.43608e-29
1.22739e+17
1.3665e-20
0
0
2.50372e-06
0
-1.76183e-19
-nan
4.76456e-22
-4.25378e+37
0
0
-4.51028e-17
7.90359e-38
4.02927e-05
0
-8.66668e-34
-1.06359e+38
0
8.49136e-38
1.71706e+17
-nan
1.38888e-05
0
1.62165e+17
-5.31794e+37
0
0
4.76456e-22
2.21875e-37
3.4234e+17
9.07924e-38
4.02927e-05
-1.27626e+38
0
1.23425e-37
1.62165e+17
0
4.76456e-22
1.23424e-37
1.62165e+17
-nan
0
1.97601e-38
5.82801e+14
-4.83571e+24
-8.85732e+20
0
-6.14018e+29
-2.1278e+37
1.87804e-36
2.43599e-29
1.21316e+17
0
4.23516e-22
0
2.50349e-06
-5.31794e+37
0
2.43599e-29
1.22208e+17
2.43696e-29
1.21316e+17
0
6.67134e+16
8.47197e-21
0
2.43696e-29
1.22761e+17
0
-6.245e-17
2.43615e-29
1.21316e+17
4.23599e-21
0
2.43615e-29
1.233e+17
0
-1.15463e-14
0
-2.95586e-12
-nan
0
-3.65073e+10
-8.85732e+20
0
-3.54177e+21
0
4.23516e-22
-nan
5.77309e-34
1.24136e-38
3.53178e-06
1.84315e-18
-8.85732e+20
0
6.4224e-06
-9.73713e+32
1.23079e-31
2.43661e-29
1.22188e+17
0
-3.38542e-36
7.31097e-38
3.60392e+16
-1.28956e+38
0
3.65548e-38
3.61692e+16
0
4.95397e+16
9.07421e-38
4.02927e-05
-5.31795e+37
4.81012e-34
0
1.62693e+17
0
1.62165e+17
2.43561e-29
1.21316e+17
-2.12728e+37
0
2.43561e-29
1.21601e+17
0
2.35099e-38
0
-1.21973e-19
-2.65896e+37
0
7.84978e-29
-3.38542e-36
2.43576e-29
6.55875e+16
-1.6226e+32
-8.85732e+20
-4.25457e+37
0
0
-6.14018e+29
2.43661e-29
1.21316e+17
1.05879e-22
-1.32817e+21
-9.73713e+32
1.8773e-36
2.43661e-29
1.21625e+17
0
-1.6163e-38
0
3.53178e-06
-nan
0
0
3.4234e+17
0
-6.14018e+29
0
3.4234e+17
-5.31794e+37
0
2.58494e-26
-1.32817e+21
2.43561e-29
3.4234e+17
2.43561e-29
3.4234e+17
-5.31794e+37
0
2.43661e-29
1.21316e+17
3.15544e-30
-1.32817e+21
0
3.53178e-06
-2.65897e+37
0
2.43661e-29
1.21625e+17
0
-6.14018e+29
2.43561e-29
3.4234e+17
-1.28956e+38
0
8.48718e-38
4.02927e-05
1.69744e-37
1.71704e+17
0
1.62165e+17
-2.6922e+37
0
2.4358e-29
1.21316e+17
2.4358e-29
1.2273e+17
0
-8.66668e-34
-3.34448e+36
0
0
5.63308e-06
0
6.4224e-06
-2.15528
2.57841e-38
-2.65852e+37
0
0
-1.59872e-14
2.45633e-29
1.23314e+17
0
-2.21867e-31
-5.31794e+37
1.87602e-36
0
4.23516e-22
0
4.23516e-22
0
3.4234e+17
-nan
0
0
6.67134e+16
-8.68342e+31
-8.85732e+20
0
-6.14018e+29
-1.94743e+33
1.8773e-36
0
4.23516e-22
0
-1.6163e-38
0
6.67134e+16
-nan
0
0
3.4234e+17
-1.31531e+27
-8.85732e+20
0
-6.14018e+29
-2.65897e+37
0
0
-6.14018e+29
0
3.53178e-06
1.07285e-28
-8.85444e+20
-1.06359e+38
0
0
3.83924e-05
2.43561e-29
3.4234e+17
0
1.50463e-36
-5.31794e+37
0
0
4.23516e-22
1.97215e-31
-1.32817e+21
0
3.53178e-06
-2.65897e+37
4.80777e-34
0
6.67134e+16
0
-6.14018e+29
0
3.50198e-06
-5.31794e+37
0
0
2.35099e-38
0
3.50198e-06
0
3.27846e-06
-7.97666e+36
0
0
7.63023e-05
0
7.62958e-05
2.4358e-29
5.71433e+16
-1.27627e+38
0
0
1.64381e+17
1.82774e-38
3.23376e-06
0
2.17525e+17
-1.27627e+38
0
0
-6.14018e+29
-2.64516e+38
4.76456e-22
2.47992e-38
4.23516e-22
-nan
0
0
6.67134e+16
-4.55261e+37
-8.85732e+20
0
-6.14018e+29
-4.25457e+37
0
-6.73441e+29
-8.85732e+20
6.72236e-38
3.4234e+17
2.53914e-35
-6.06591e+28
-5.31794e+37
0
3.74285e-35
-6.06591e+28
5.07829e-35
-6.06591e+28
7.48571e-35
-6.06591e+28
-5.31794e+37
0
1.01566e-34
-6.06591e+28
1.49714e-34
-6.06591e+28
2.03132e-34
-6.06591e+28
-5.31794e+37
0
2.99428e-34
-6.06591e+28
4.06264e-34
-6.06591e+28
5.98857e-34
-6.06591e+28
-5.31794e+37
0
8.12528e-34
-6.06591e+28
1.19771e-33
-6.06591e+28
1.62506e-33
-6.06591e+28
-5.31794e+37
0
2.39543e-33
-6.06591e+28
3.25011e-33
-6.06591e+28
4.79086e-33
-6.06591e+28
-5.31794e+37
0
6.50022e-33
-6.06591e+28
9.58172e-33
-6.06591e+28
1.30005e-32
-6.06591e+28
-5.31794e+37
0
1.91634e-32
-6.06591e+28
2.60009e-32
-6.06591e+28
3.83269e-32
-6.06591e+28
1.44777e-24
0
5.20019e-32
-6.06591e+28
7.66538e-32
-6.06591e+28
0
3.4234e+17
-nan
0
0
-2.95148e+21
-nan
-8.85732e+20
0
2.36223e+10
-3.72236e+37
0
1.23978e-38
7.97071e+07
0
2.36223e+10
0
2.36223e+10
-nan
0
0
2.36223e+10
0
-2.36118e+21
-nan
-8.85732e+20
-4.25456e+37
0
1.23978e-38
7.97071e+07
-6.52839e+26
4.76456e-22
1.81467e-37
-4.95176e+29
-4.83655e+25
0
1.69712e-37
-4.95176e+29
1.57957e-37
-4.95176e+29
1.22692e-37
-4.95176e+29
-5.3179e+37
6.73326e-34
1.10937e-37
-4.95176e+29
0
2.42427e+09
0
5.36887e+08
-3.32364e+36
0
1.34447e-37
-4.95176e+29
0
4.9543e+16
0
7.97071e+07
-5.32625e+37
4.8078e-34
0
2.42427e+09
0
5.36912e+08
0
2.42427e+09
-3.32372e+36
1.17377e-37
0
5.3896e+08
0
4.95424e+16
0
5.36904e+08
-5.38441e+37
0
0
2.42427e+09
0
5.36887e+08
0
2.42427e+09
-5.3182e+36
0
0
4.9554e+16
1.23989e-38
4.9543e+16
0
4.95408e+16
-1.31614e+38
0
0
3.60304e+16
0
3.61692e+16
0
4.95413e+16
-nan
0
2.54098e-35
1.55329e+07
0
-2.36118e+21
0
2.35099e-38
-5.31794e+37
0
0
2.35099e-38
1.24079e-38
-3.28248e+28
1.82853e-38
-3.28248e+28
-8.11454e+32
0
0
-3.28248e+28
0
-3.28248e+28
2.48157e-38
-3.28248e+28
-5.31791e+37
0
3.65707e-38
-3.28248e+28
9.92629e-38
-3.28248e+28
1.46283e-37
-3.28248e+28
-8.11454e+32
0
1.27056e-35
-3.28248e+28
1.87242e-35
-3.28248e+28
4.96314e-38
-3.28248e+28
-5.31791e+37
0
7.31413e-38
-3.28248e+28
1.98526e-37
-3.28248e+28
2.92565e-37
-3.28248e+28
-8.11454e+32
0
3.97051e-37
-3.28248e+28
5.8513e-37
-3.28248e+28
7.94102e-37
-3.28248e+28
-5.31791e+37
0
1.17026e-36
-3.28248e+28
3.17641e-36
-3.28248e+28
4.68104e-36
-3.28248e+28
-8.11454e+32
0
6.35282e-36
-3.28248e+28
9.36208e-36
-3.28248e+28
1.9837e-37
4.23516e-22
-4.25456e+37
0
1.5882e-36
-3.28248e+28
3.74469e-35
5.3896e+08
2.34052e-36
-3.28248e+28
-6.38133e+37
0
2.51457e-07
-5.94211e+29
4.95913e-38
-6.59203e+28
5.08226e-35
-3.28248e+28
-6.38129e+37
0
7.48968e-35
-3.28248e+28
2.47957e-38
-6.59203e+28
2.54113e-35
-3.28248e+28
-6.38129e+37
0
3.74484e-35
-3.28248e+28
9.91826e-38
-6.59203e+28
1.01645e-34
-3.28248e+28
-6.38129e+37
0
1.49793e-34
-3.28248e+28
3.9673e-37
-6.59203e+28
4.06581e-34
-3.28248e+28
-7.44468e+37
0
5.99174e-34
-3.28248e+28
2.00234e-07
-5.94211e+29
5.07814e-35
-6.59203e+28
-8.11454e+32
0
1.30106e-32
-3.28248e+28
1.91735e-32
-3.28248e+28
1.98365e-37
-6.59203e+28
-5.31794e+37
0
7.9346e-37
-6.59203e+28
1.58692e-36
-6.59203e+28
3.17384e-36
-6.59203e+28
-5.31794e+37
0
1.26953e-35
-6.59203e+28
2.53907e-35
-6.59203e+28
2.0329e-34
-3.28248e+28
-5.31791e+37
0
2.99587e-34
-3.28248e+28
8.13161e-34
-3.28248e+28
1.19835e-33
-3.28248e+28
-8.11454e+32
0
1.62632e-33
-3.28248e+28
2.39669e-33
-3.28248e+28
3.25264e-33
-3.28248e+28
-5.31791e+37
0
4.79339e-33
-3.28248e+28
2.60211e-32
-3.28248e+28
3.83471e-32
-3.28248e+28
-8.11454e+32
4.8073e-34
5.20423e-32
-3.28248e+28
7.66942e-32
-3.28248e+28
3.74469e-35
7.04864e+08
-6.38133e+37
4.8073e-34
3.40864e-07
-5.94211e+29
6.34768e-36
-6.59203e+28
3.74469e-35
6.06069e+08
-4.25456e+37
0
6.50529e-33
-3.28248e+28
3.74469e-35
7.40286e+08
9.58677e-33
-3.28248e+28
-5.31793e+37
0
8.49006e-38
4.32465e+17
4.34655e-35
6.06069e+08
4.34655e-35
7.40286e+08
8.47197e-21
0
3.11062e-07
-5.94211e+29
2.03126e-34
-6.59203e+28
1.01563e-34
-6.59203e+28
-7.51221e+37
0
4.34654e-35
5.3896e+08
2.30037e-07
-5.94211e+29
4.06252e-34
-6.59203e+28
0.158294
4.8073e-34
4.34654e-35
7.04831e+08
1.62501e-33
-6.59203e+28
4.04562e-35
2.42427e+09
-4.25456e+37
0
5.20001e-32
-6.59203e+28
9.07709e-38
4.02927e-05
6.66141e-30
-3.28248e+28
-8.11454e+32
4.8073e-34
8.4892e-38
4.32483e+17
9.81685e-30
-3.28248e+28
4.04562e-35
5.3896e+08
-5.31794e+37
4.8073e-34
1.55531e-07
-5.94211e+29
8.12503e-34
-6.59203e+28
3.74454e-35
5.3896e+08
-4.25456e+37
0
3.25001e-33
-6.59203e+28
4.64747e-35
5.3896e+08
6.50002e-33
-6.59203e+28
-5.3844e+37
4.8073e-34
4.64747e-35
2.42427e+09
1.3e-32
-6.59203e+28
5.08197e-35
5.3896e+08
-4.25456e+37
0
1.04e-31
-6.59203e+28
4.53855e-38
4.95567e+16
2.08001e-31
-6.59203e+28
-5.3844e+37
6.73323e-34
3.74455e-35
2.42427e+09
1.04085e-31
-3.28248e+28
5.08197e-35
2.42427e+09
-4.25453e+37
0
1.53388e-31
-3.28248e+28
9.0768e-38
4.95518e+16
2.08169e-31
-3.28248e+28
-1.64319e+33
0
3.9508e-38
4.95507e+16
3.06777e-31
-3.28248e+28
6.72567e-38
4.32442e+17
-4.25456e+37
0
4.16338e-31
-3.28248e+28
4.3464e-35
5.3896e+08
6.13554e-31
-3.28248e+28
-5.3844e+37
4.8073e-34
4.3464e-35
2.42427e+09
8.32677e-31
-3.28248e+28
5.08197e-35
5.3896e+08
-4.25453e+37
0
1.22711e-30
-3.28248e+28
6.72581e-38
4.95518e+16
1.66536e-30
-3.28248e+28
-8.21595e+32
0
5.08197e-35
7.04815e+08
2.45422e-30
-3.28248e+28
5.08197e-35
7.40286e+08
-4.25457e+37
0
3.33071e-30
-3.28248e+28
5.54975e-38
4.32442e+17
4.90843e-30
-3.28248e+28
-1.27626e+38
0
5.08197e-35
6.06069e+08
1.96337e-29
-3.28248e+28
4.24474e-38
4.32439e+17
8.47197e-21
0
2.30037e-07
-5.94211e+29
2.60001e-32
-6.59203e+28
5.08167e-35
5.3896e+08
-5.38441e+37
4.80777e-34
5.08168e-35
2.42427e+09
6.72581e-38
4.95512e+16
3.74469e-35
5.3896e+08
-5.38441e+37
4.80733e-34
3.74469e-35
2.42427e+09
4.96286e-38
4.95545e+16
2.48143e-38
4.95562e+16
-3.32321e+36
4.80777e-34
1.33228e-29
-3.28248e+28
4.34654e-35
5.3896e+08
4.34655e-35
2.42427e+09
-8.64412e+37
4.8078e-34
5.68381e-35
5.3896e+08
5.68381e-35
2.42427e+09
9.07709e-38
4.95534e+16
-6.73051e+36
4.80777e-34
0
4.76837e-05
1.38765e-38
4.95441e+16
8.49005e-38
4.02927e-05
-1.07688e+38
0
9.36263e-36
3.9978e+07
0
4.23516e-22
1.01109e-35
3.77569e+07
-8.21595e+32
0
8.49006e-38
4.02927e-05
0
-3.28248e+28
9.36265e-36
3.9978e+07
1.29272e-25
0
1.0114e-35
3.77569e+07
0
-3.28248e+28
1.08665e-35
3.78798e+07
-4.25549e+37
0
3.0922e-11
-8.91317e+28
4.24496e-38
4.32438e+17
3.86525e-12
-8.91317e+28
-1.27626e+38
0
1.16181e-35
3.77569e+07
6.28553e-35
3.78798e+07
6.88665e-35
3.77569e+07
-5.31794e+37
0
7.48909e-35
3.78798e+07
5.81632e-32
7.97071e+07
6.43262e-32
7.97071e+07
-3.32371e+36
0
0
-6.59203e+28
8.09168e-35
3.77569e+07
-0
3.0756e-05
8.47197e-21
0
2.51457e-07
-5.94211e+29
2.66241e-29
-6.59203e+28
4.16001e-31
-6.59203e+28
-7.44575e+37
0
4.4489e-32
7.97071e+07
2.00234e-07
-5.94211e+29
8.32002e-31
-6.59203e+28
5.31794e+37
1.46707e-38
4.75705e-32
7.97071e+07
1.66401e-30
-6.59203e+28
2.43561e-29
3.4234e+17
-4.25391e+37
0
3.32801e-30
-6.59203e+28
0
5.21687e+07
1.70432e-07
-5.94211e+29
-4.25457e+37
0
6.65603e-30
-6.59203e+28
2.60001e-32
7.97071e+07
1.3312e-29
-6.59203e+28
-5.31793e+37
0
2.90816e-32
7.97071e+07
3.4757e-34
7.97071e+07
3.71645e-34
7.97071e+07
-nan
0
3.8326e-32
7.97071e+07
4.14075e-32
7.97071e+07
2.43561e-29
3.4234e+17
-7.44678e+37
0
-0
3.0756e-05
1.55531e-07
-5.94211e+29
5.32482e-29
-6.59203e+28
8.47052e-21
0
0
-6.59203e+28
2.47964e-38
-6.59203e+28
4.95928e-38
-6.59203e+28
1.01646e-20
2.2564e-36
9.91855e-38
-6.59203e+28
1.23982e-38
-6.56108e+28
0
-7.3787e+20
-nan
0
0
-2.36118e+21
-nan
-8.85732e+20
0
2.36223e+10
1.03649e+18
6.06591e+28
0
1.71815e+25
2.06198e-19
7.06973e+28
7.71471e-33
1.77482e+28
2.0282e-19
2.00235e-19
7.5637e+28
0
1.96038e+31
1.21841e+22
7.0292e+28
1.39169e-16
1.47621e+20
1.79046e+28
1.89666e+31
7.77812e+31
2.07065e-19
7.02924e+28
0
4.74249e+30
2.74852e+20
0.000928423
3.24214e-12
1.93246e-19
1.21841e+22
7.55144e+28
2.06198e-19
2.06198e-19
7.15577e+22
1.89691e+31
7.15401e+22
1.89666e+31
6.72938e+22
4.46497e+30
1.89666e+31
1.12865e+27
5.20692e+34
1.15761e+27
2.74888e+20
0
0
0
0
0
0
0
0
0
-nan
0
0
0
0
0
-nan
0
0
0
0
0
0
0
0
0
0
0
0
0
0
0
0
0
0
0
0
0
0
0
0
0
0
-nan
0
0
0
0
0
-nan
0
0
0
0
0
0
0
0
-nan
0
0
-nan
0
-nan
-nan
0
0
0
0
0
0
0
0
0
0
0
0
0
0
0
0
0
0
0
0
0
0
0
0
0
0
0
0
0
0
0
0
0
0
0
0
0
0
0
0
0
0
0
0
0
0
0
0
0
0
0
0
0
0
0
0
0
0
0
0
0
0
0
0
0
0
1.58456e+29
0
0
0
0
0
0
0
0
0
0
0
0
0
0
0
1.58456e+29
0
0
0
0
0
0
0
0
0
0
0
0
0
0
0
1.58456e+29
0
0
0
0
0
0
0
0
0
0
0
0
0
0
0
1.58456e+29
0
0
0
0
0
0
0
0
0
0
0
0
0
0
0
0
0
0
0
0
0
0
0
0
0
0
0
0
0
0
0
0
0
0
0
0
0
0
0
0
0
0
0
0
0
0
0
0
0
0
0
0
0
0
0
0
0
0
0
0
0
0
0
0
0
0
0
0
0
0
0
0
0
0
0
0
0
0
0
0
0
0
0
0
0
0
0
0
0
0
0
0
0
0
0
0
0
0
0
0
0
0
0
0
0
4.65664e-10
0
0
0
0
0
0
0
0
0
0
0
0
0
0
0
9.40397e-38
0
0
0
0
0
0
0
0
0
0
0
0
0
0
0
4.65664e-10
0
0
0
0
0
0
0
0
0
0
0
0
0
0
0
0
0
0
0
0
0
0
0
0
0
0
0
0
0
0
0
0
0
0
0
0
0
0
0
0
0
0
0
0
0
0
0
0
0
0
0
0
0
0
0
0
0
0
0
0
0
0
0
0
0
0
0
0
0
0
0
0
0
0
0
0
0
0
3.86379e+28
-0.0311744
0
0
-8.44349e+24
0
-8.44349e+24
0
9.29505e-38
0
9.29505e-38
0
-6.36813e-21
2.44795e-08
0
-4.30737e-09
0.000233859
9.73592e-07
0
-1.6551e-34
5.68746e-08
4.09735e+32
0
-0.000164032
-7.48646e-36
9.07296e-08
0
8.44123e+22
31.939
-0.0312003
0
-1.11177e-08
3.30605e+21
-4.82698e-32
0
-0.0556641
4.55242e+33
5.64674
0
784
-1.54656e-22
2.44576e-08
0
1.29704e+19
3.41475e+25
9.71082e-07
0
-5.12585e+26
-1.91685e+18
4.092e+32
0
-129024
-1.33746
9.06177e-08
0
4.4489e-32
13.4713
-0.0312262
0
-5.98092e-35
1.77458e-05
-4.81598e-32
0
8.56729e+34
-1.45131e+26
5.65431
0
2.18409e+22
-4.21727e+17
2.45199e-08
0
2.05521e+08
-8.66427e-22
9.68623e-07
0
1.83215e+29
8.43421e-23
4.08224e+32
0
7.36689e+23
195.491
9.05321e-08
0
-1.53304e-31
0.115462
-0.0311973
0
-4.75369e+30
-0.0326489
-1.01835e-26
0
1.58889e-33
-1.04023e-22
5.63981
0
9.23238e+16
1.22058e-26
2.44979e-08
0
-6.78288e-23
-1.27766e+17
9.71916e-07
0
3.41212e-24
-1.07149e-17
4.10217e+32
0
1.03338e-19
-3.4809e+31
9.07367e-08
0
-6.4373e-05
-3.07874e+18
-0.0312203
0
1.38649e+29
-1.0288e+21
-1.01847e-26
0
-1.58328e-25
-5.95977e-38
5.64207
0
-2.5625
-4.55108e+11
2.44501e-08
0
4.15046e-20
-1.40347e+30
9.74043e-07
0
-352256
-2.57979e-21
4.09045e+32
0
-1.60071e-09
425.383
9.06877e-08
0
3.37038e-32
-3.24461e+12
-0.0312001
0
-7.13053e+30
-9.84072e+37
-4.77309e-24
0
23040
-92206.9
5.65076
0
-1.86477e+15
1.0669e-30
2.45397e-08
0
1.2837e-16
9.65026e-26
9.74827e-07
0
8.17787e+34
2.94715e-33
4.08642e+32
0
nan
-7.22124e-19
9.06393e-08
0
5.16509e+22
2.8823e+15
-0.0311975
0
2.68213e-29
-2.11152e-07
-1.90047e-07
0
-0.0022583
-4.10033e-20
5.64498
0
-4.83184e+10
1.61213e-19
2.45474e-08
0
-2.22261e-18
8.49003e+14
9.70014e-07
0
-5.59042e-20
-5.51209e-16
4.09513e+32
0
-1.04146e+16
-3.64701e-36
9.05862e-08
0
-0.466797
3.89976e-38
-0.0312327
0
1.16057e+27
-2.23367e+20
-2.25455e-07
0
-5.96629e-10
5.58683e+37
5.62698
0
2.90806e-25
8.54931e-19
2.44859e-08
0
6.36056e+34
-5.55371e-21
9.73727e-07
0
1.49078e-18
-9.50966e-21
4.08577e+32
0
720
1.83007e+10
9.07154e-08
0
-4.21875
4.70226e-20
-0.0311771
0
-3.08149e-32
729.557
-2.25435e-07
0
0.0595703
252134
5.65344
0
-1.20796e+10
7.79266e-08
2.45125e-08
0
-8.33037e-28
-0.000771142
9.74011e-07
0
1.60071e-09
6.95961e-07
4.09606e+32
0
0.0200195
2.21054e+38
9.07081e-08
0
-1.00905e+33
-9.45548e-17
-0.0312473
0
1.50502e-06
-1.63787e+18
-698.968
0
1.72403e+15
9.36346e-23
5.62954
0
2.50285e+23
1.53924e+25
2.45485e-08
0
-7.04375e+11
9.24274e-20
9.69115e-07
0
3.41524e-18
-1.10875
4.08595e+32
0
-1.83881e-16
1.6281e+21
9.07726e-08
0
-2.12926e+30
26.5497
-0.0312221
0
2.35922e-16
1.52266e+29
-1.01578e-26
0
1.22423e-22
-4.59945e-23
5.65255
0
-5.75553e-27
1.25573e-38
2.44477e-08
0
6.42253e+06
4.36074e+19
9.70028e-07
0
-3.29138e-36
3.08071e+26
4.09633e+32
0
9.17826e-35
1.98711e-28
9.07308e-08
0
-0.00376892
-6.83241e+23
-0.0312001
0
1.27211e+35
7.19512e-37
-0.624406
0
-5.68107e-08
-2.99628e+23
5.64774
0
1.72295e-08
-5.34909e+07
2.4499e-08
0
-1.32817e+22
-4.39664e+14
9.75265e-07
0
-0.00274658
-1.45447e+35
4.08514e+32
0
-3.73845e+36
-1.37762e-20
9.05395e-08
0
7.99387e-21
-1.79494e-19
-0.0312339
0
-4.5173e+35
-629280
-34040.5
0
-5.29913e-25
-2.81438e+36
5.65149
0
2.33096e+14
-3.75864e+25
2.44567e-08
0
-1.32273e-17
93.8238
9.69889e-07
0
-4.49639e+19
2.91043e-31
4.10411e+32
0
3.23999e+36
3.04504e+35
9.07e-08
0
2928
-1.54333e+09
-0.0312267
0
1.18468e-38
0
-2.94208e+06
0
-7.18284e-19
-8.25672e+08
5.64525
0
-7.11237e-17
1.10947e-33
2.45042e-08
0
-0.013916
2.35147e+08
9.69538e-07
0
2.19792e-07
-0.000411634
4.09208e+32
0
1.2338e-34
-9.81618e-33
9.0389e-08
0
-3.78711e+31
-2.10348e+12
-0.0311656
0
-1.11221e+27
-2.52936e+17
-33891.6
0
4.82809e-20
-1.24479e-09
5.62801
0
4.25013e+23
1.1341e-27
2.45432e-08
0
1.54617e-28
-2.16717e-21
9.69363e-07
0
-9.12981e+27
-4.96381e+29
4.10273e+32
0
11.25
-3.16332e+09
9.05168e-08
0
2.1905e+34
-0.0212399
-0.0311715
0
0.000236511
6.28344e+31
-1.83087e+06
0
9.79382e-22
0.0105355
5.64415
0
-164
-9.04015e-18
2.45292e-08
0
-7.71124e-36
-6.83818e-28
9.74043e-07
0
-1.04797e+12
2.72425e+20
4.08908e+32
0
-1.45939e-29
3.41412e-34
9.06777e-08
0
-3.04061e+37
7.11705e+34
-0.0311998
0
-1.34815e-33
-9064.45
-1.83374e+06
0
1.66018e-19
3.37858e-09
5.64569
0
8.99301e-29
2.91639e-24
2.45575e-08
0
-0.175781
-9.23945e+19
9.7209e-07
0
-2.90916e+28
3.96943e+09
4.10096e+32
0
-6.34107e+19
4.52401e-07
9.06445e-08
0
-6.57609e-23
-3.26116e-38
-0.0311628
0
2.4806e-31
1.58747e-29
-339717
0
3.79119e+27
-7.14639e+11
5.65281
0
1.81754e-26
-2.54295e+20
2.4553e-08
0
7.65041e+09
6.5746e-13
9.72664e-07
0
1.16229e-06
-6.94304e-13
4.09651e+32
0
0.703125
-6.21106e+11
9.07612e-08
0
-1.31325e-38
1.97325e+15
-0.0312282
0
-1.30564e+26
1.91512e+37
-3.30995e+13
0
7.99539e+06
3.60316e+32
5.63505
0
-62464
1.93903e+09
2.45624e-08
0
3.46745e-12
-1.45433e+25
9.75697e-07
0
-9.00201e+21
-4.67894e+25
4.09382e+32
0
-1.66607e-27
7.28675e+31
9.06046e-08
0
-1.38649e+31
-3.0049e+29
-0.0311823
0
2.73576e-09
2.3721e+33
-1.47838e-35
0
0.00274658
-5.3911e+37
5.62654
0
6.87866e+08
-2.58135e-06
2.44714e-08
0
1.07684e-09
1.68686e-30
9.71315e-07
0
-9.25702e-38
-1.63814e-17
4.091e+32
0
4.73959e-35
6.90123e-09
9.06703e-08
0
9.0637e+31
-2.08855e-05
-0.0311673
0
8.04661e+28
-1.89239e-22
-1.51478e-35
0
1440
-1.37095e+30
5.63324
0
-3.67761e-16
1.39105e+21
2.44566e-08
0
-3.52187e+11
-5.09502e-30
9.70166e-07
0
7.38734e+11
-6.02172e-16
4.09146e+32
0
1.11826e+25
5.31036e+14
9.06373e-08
0
-179200
3.38693e-33
-0.0311483
0
4.4461e-24
1.85733e+30
-2.36024e-35
0
1.42519e-32
-7.48127e-18
5.65269
0
7.30157e-07
-9.5138
2.45599e-08
0
2.47445e+33
-370.509
9.7286e-07
0
2368
-0.00415506
4.10714e+32
0
0.00323486
-3.21271e-37
9.05389e-08
0
-0.871094
8.73828e+16
-0.031233
0
4.69031e+32
-2.46261e-12
-1.64604e-17
0
3.97284e+10
756.742
5.62763
0
-1.76123e+37
1.58802e-22
2.45091e-08
0
-4.81205e-29
-1.55087e+27
9.7039e-07
0
-5.50383e+35
-8.26361e+37
4.09915e+32
0
1.717e+16
-6.39919e-15
9.07854e-08
0
3.37649e+23
1.43109e-09
-0.031204
0
-2.36949e+26
-5.77473e+14
-1.77562e+19
0
-2.25973e+20
460054
5.63008
0
-1.65341e-18
-2.56643e+07
2.44823e-08
0
-1.93957e-37
9.03685e+26
9.68794e-07
0
-28160
2.70506e-19
4.08511e+32
0
-3.09787e+24
9.30344e-14
9.05685e-08
0
3.70666e-07
0.000333247
-0.0312437
0
8.52651e-14
1.03234e+38
-2.3584e-18
0
2.39261e+38
-7.73976e+31
5.65151
0
1.90921e-08
-2.38346e-17
2.44922e-08
0
4.43734e-30
-0.00694954
9.74984e-07
0
2.93601e+08
-0.778479
4.09521e+32
0
-8.83524e-28
1.70261e-25
9.04741e-08
0
-1.68494e+25
1.46228e+10
-0.0311837
0
0
-1.5285e+27
-2.64173e-18
0
3.24259e+18
1.66591e-33
5.64519
0
-6.72937e+22
-4.61631e-06
2.44929e-08
0
-6.17001e-09
-7.26869e+18
9.75406e-07
0
5.19838e+25
1.18238e-08
4.08771e+32
0
-5.96727e+16
-5.999e-16
9.0607e-08
0
-29568
6.01487e+15
-0.0311935
0
-0.267578
4.42998e+26
-4.189e-27
0
2.4846e+32
-8.39109e-23
5.65278
0
4.31009e+14
5.28471e-12
2.45084e-08
0
3.31195e-26
232466
9.70148e-07
0
-1.18112e+11
-975785
4.10611e+32
0
-1.68363e+12
-5.45835e-36
9.06265e-08
0
-5.18249e-17
0.000820955
-0.0312255
0
-2.63272e+23
4.02923e+15
-1.99782e-19
0
-1.96695e-06
0.0216817
5.64886
0
1.29702e-21
-9.16691e-27
2.44952e-08
0
-1.85117e+24
8.51812e-23
9.71952e-07
0
5.62626e+20
-1.82947e-38
4.1063e+32
0
6.73451e+12
-3.9132e-32
9.04926e-08
0
-2.26327e-18
-2.5551e+21
-0.0311795
0
7.92282e+31
-1.22267e-31
-8.58162e-24
0
2.03538e+36
-5.58105e-32
5.63792
0
-1.32273e-17
1.31842e-17
2.44824e-08
0
-1.05818e-16
-3.61599e+14
9.72905e-07
0
7.81597e-13
-4.59115e+26
4.10614e+32
0
6.54836e-10
-1.05485e+30
9.07188e-08
0
-1.03541e-17
-2.90791e-06
-0.0311952
0
7.41483e-33
-5.9528e+18
-8.54633e-24
0
-1.88786e+28
-0.252236
5.64168
0
4.39551e+18
2.11448e+29
2.45631e-08
0
1.20053e-10
4.176e+37
9.75787e-07
0
-2.70617e-16
1.30815e-05
4.09691e+32
0
4.4461e-24
1.24938e+38
9.07374e-08
0
1.67644e-14
3.9136e-16
-0.0311402
0
-2.79173e+11
-2.70935e-25
-8.55866e-24
0
1.58365e+35
-5.65428e-17
5.64851
0
2.24079e-38
4.2987e-29
2.45449e-08
0
1.59014e+34
-3.8847e+31
9.72354e-07
0
1.7986e-28
4.10177e-11
4.09612e+32
0
2.91879e-29
-8.61483e+13
9.06186e-08
0
2.29816e-14
6.25945e+12
-0.0312328
0
1.56482e-33
-5.64106e+06
-8.55308e-24
0
2.33503e-28
-1.33842e-13
5.65552
0
-4.32538e+06
-6.32642e-24
2.44551e-08
0
-8.27988e-27
183289
9.74406e-07
0
1.25056e-11
1.55326e+32
4.10442e+32
0
7.34987e+18
-1.60407e+18
9.04651e-08
0
1.25429e-28
-3.64347e+25
-0.0311497
0
6.61131e+22
-1.49163e+23
-2.35922e-23
0
-1.84976e+34
8.61985e-16
5.63583
0
2.62901e-13
9.21531e+14
2.45534e-08
0
1.51263e+21
2.38153e+13
9.69961e-07
0
-2.84343e-24
-3.81872e-11
4.0987e+32
0
-0.984375
3.3749e-16
9.0488e-08
0
0.000117779
-1.3833e-24
-0.0312403
0
6.51322e+37
-3.50445e-38
-336.529
0
-6.17001e-09
-1.43641e+10
5.64944
0
3.3466e+32
0.747732
2.45268e-08
0
3.20881e+16
-6.42333e+34
9.71696e-07
0
-2.0116e-29
5.15171e-13
4.09439e+32
0
-6.85383e+35
1.28373e-08
9.06875e-08
0
-2.27784e-29
2.14977e+29
-0.0311343
0
8.03993e-10
3.53925e+14
-8990.57
0
3.24007e-12
-1.02072e+09
5.64232
0
7.32747e-15
-2.37617e+36
2.44548e-08
0
8.50026e+23
-1.38221e+38
9.73634e-07
0
-7.79902e+28
2.80563e+14
4.1045e+32
0
-3.24255e-22
2.57578e+24
9.07867e-08
0
1.41553e-14
-1.28063e+35
-0.0311821
0
-196608
8742.01
-7.39904e+09
0
3.77487e+08
-3.10566e+17
5.65101
0
-1.5425e-09
1.8511e+06
2.44865e-08
0
-8.1704e+28
5.6221e-22
9.70981e-07
0
-4.73959e-35
-6.0888e+09
4.09055e+32
0
-3.58114e-12
-2.66047e+32
9.06453e-08
0
6.95582e-09
503.09
-0.0312169
0
6.80021e+25
-4.24749e-28
-1.68273e+08
0
-3.10331e-36
1.69804e+31
5.65582
0
-62464
3.17058e+14
2.4527e-08
0
-4.125
-5.30127e-37
9.7254e-07
0
3.35376e-12
-8.57775e-21
4.08435e+32
0
-2.75192e+35
1.02224e+08
9.0573e-08
0
1.25146e-08
-1.96048e+13
-0.0311317
0
3.39445e-33
1.22806e-26
-8.55467e+10
0
5.68989e-16
2.50458e-19
5.64312
0
-1.56428e+22
-1.17481e+24
2.45297e-08
0
-6.06591e+28
56189
9.71917e-07
0
9.47075e+36
8.9787e-30
4.09951e+32
0
-6.57667e+09
-5.33299e+08
9.05795e-08
0
7.61128e-31
-1.18304e-35
-0.0311398
0
-2.6916e+15
1.50415e-36
-2.1308e+10
0
7.78765e-38
-6.45249e-32
5.65413
0
1.93274e+11
-1.59144e+08
2.45234e-08
0
-233472
2.75106e+25
9.72908e-07
0
1.78893e-18
5.64707e+20
4.10012e+32
0
0.00037384
-8.61621e-23
9.05526e-08
0
2.34188e-16
2.2843e-05
-0.0311612
0
-1.71186e+23
1.5869e-33
-2.12365e+10
0
1.31433e+20
1.2447e-15
5.64444
0
1.27926e+08
-5.27798e-27
2.44892e-08
0
5.98153e+37
2.14585e-05
9.68656e-07
0
7.74056e+15
-1.69963e-18
4.08594e+32
0
-1.64027e+28
-3.65017e+20
9.04733e-08
0
nan
1.58852e+08
-0.0311954
0
3.65083e+34
2.56454e-10
-2.18275e+10
0
-6.14673e-08
-1.58968e+20
5.64022
0
6.71855e+31
7.82703e+08
2.44584e-08
0
1.35917e-38
-1.13008e+07
9.69324e-07
0
1.59162e-11
5.6753e+07
4.08947e+32
0
-118
4.15145e+06
9.04393e-08
0
5.00586e-08
4.03953e-13
-0.0312085
0
-1.77089e+21
4.09389e+37
-4.06044e+31
0
0.00500488
3.90289e-31
5.63812
0
-2.21917e-10
2.29443e+36
2.45306e-08
0
0.828125
-1.90194e+11
9.71717e-07
0
0.00025177
-7.96975e-25
4.08905e+32
0
1.70985e-10
1.7168e-31
9.06294e-08
0
3.44185e-35
-8.59528e+28
-0.031146
0
-6.8451e+09
6.81347e+10
-2.3782e-05
0
2.35367e-14
-4.04877e+12
5.62871
0
3.04371e+20
89.478
2.45039e-08
0
8.26704e-19
-2.34539e+08
9.74379e-07
0
-8.50015e-17
-6.34671e+30
4.1059e+32
0
-4.38645e+37
-4.11312e+36
9.05264e-08
0
3.81178e-27
-1.23977e-17
-0.0312093
0
-0.00372314
-1.52822e-19
-2.38266e-05
0
-1.37923e+16
-4.38558e-21
5.6409
0
1.05794e-36
-4.31906e-33
2.45501e-08
0
6.62391e-26
-1.43142e-23
9.71286e-07
0
7.79902e+28
7.25028e-32
4.09828e+32
0
1.26664e+16
4.12242e-16
9.0791e-08
0
-8.78936e-09
-5.72613e-33
-0.0311774
0
-1.15196e-19
-9.63944e-27
-2.64037e-08
0
1.37573e+09
0.096855
5.64157
0
-9.47798e+26
-1.37583e-22
2.45375e-08
0
2.87776e-27
1.44021e+10
9.73037e-07
0
-204
-2.83977e-15
4.08881e+32
0
-1.74085e+27
1.98576e-26
9.04901e-08
0
-0.0368652
-1.60275e-27
-0.0311287
0
1.51029e+29
2.14189e+23
-0
0
4.73537e+36
8.23477e-33
5.6487
0
-6.66533e+17
-1.92167e-25
2.44566e-08
0
2.54262e+12
1.86619e+09
9.70058e-07
0
0.0517578
4.75974e+30
4.09359e+32
0
1.25143e+23
1.20471e-13
9.04227e-08
0
-5.71875
1.40227e-19
-0.0312097
0
1.11634e+35
-2.30176e-14
-0
0
-9.63905e-37
-4.48756e-24
5.65009
0
3.05524e+19
-1.48134e-27
2.45312e-08
0
7.76436e+30
5.46911e-06
9.69096e-07
0
15.25
8.76531e+35
4.1029e+32
0
-5.625
-8.17416e-36
9.05182e-08
0
0.0140991
-1.33743e-21
-0.0311903
0
-3.878e+34
-1.84915e+32
9.99287e+08
0
-1.07033e-26
1.26631e+11
5.64768
0
3.40615e+36
-2.84523e+26
2.44975e-08
0
-8.12089e+29
-4.7869e+22
9.74655e-07
0
-2.35982e+27
-2.04143e+12
4.10288e+32
0
1.1073e+09
0.000574509
9.04996e-08
0
8.84091e-21
-33434.7
-0.0311711
0
8.62017e+14
-0.000774699
-1.91024e-22
0
-1.28353e+17
4.99224e-28
5.64222
0
-7.60928e+19
-1.17608e+36
2.45279e-08
0
5.38421e-10
5.14995e+12
9.70202e-07
0
-976
2.5912e+24
4.10662e+32
0
3.71074e-10
1.63756e+06
9.06302e-08
0
-1.22506e+34
2.21614e-12
-0.0311392
0
-1.26765e+33
1.71771e+14
-1.16548e-25
0
-5.30854e-08
2.65315e+34
5.6264
0
0.00299072
3.44216e+23
2.4488e-08
0
-1.19326e-09
-1.82519e+22
9.74053e-07
0
9.71445e-16
2.82038e+37
4.09776e+32
0
-0.445312
9.17563e+37
9.05666e-08
0
1.22308e+30
-4.3051e+34
-0.0311587
0
-1.97215e-28
-1.22775e-10
-1.16994e-25
0
-1.71252e-25
4.39666e+31
5.62603
0
1.26362e-05
-3.62471e+19
2.44544e-08
0
-1.15198e-36
2.20831e-29
9.7255e-07
0
-9.25702e-38
3.30136e+26
4.10619e+32
0
-8.10637e-23
8.75136e-29
9.05325e-08
0
-5.84074e-38
4.05204e-19
-0.031226
0
1.35e+35
2.52774e-36
-1.22734e-25
0
1.61466e-21
3.56565e+26
5.64577
0
1.95535e+21
-1.08916e+07
2.45152e-08
0
1.14089e+32
-101.941
9.75306e-07
0
1.37818e+26
1.15319e+23
4.09819e+32
0
1.47454e-34
-1.27934e-28
9.05987e-08
0
-10688
-1.86217e+28
-0.0311459
0
3.89422e+34
-1.16153e+35
-6.05352e-21
0
-3.48171e+27
-3.31893e-05
5.62788
0
2.02659e-23
-4.65446e-12
2.44933e-08
0
-6.96332e-13
3.94114e+29
9.68835e-07
0
-6.07967e-06
1.99064e-07
4.083e+32
0
-1.51992e-06
-4.15628e-26
9.06642e-08
0
-2.58254e+22
1.91636e-29
-0.031207
0
36
1.35015e+32
-6.03653e-21
0
-5.08446e-32
-2.35612e-37
5.64361
0
1.08803e+26
2.08944e-19
2.44811e-08
0
-1.717e+16
-3.9872e+22
9.6909e-07
0
2.33103e-18
-3.93217
4.09738e+32
0
-6.39631e+07
-5.23089e+16
9.07194e-08
0
-6.40634e+28
3.2217e+08
-0.0312049
0
1.53477e+22
1.50679e+38
-6.04793e-21
0
2.60364e+15
-1.76587e-09
5.63622
0
-1.93617e+23
-3.1443e-22
2.45029e-08
0
-1.17991e+27
-403.834
9.74239e-07
0
-1.85117e+24
1.49353e+18
4.10027e+32
0
-3.97223e-34
1.69715e-28
9.07771e-08
0
-1.61448e+34
5.17125e+31
-0.0311809
0
-9.34585e+12
-15026.4
-6.04511e-21
0
2.14958e+07
1.38731e-34
5.65251
0
8.10637e-23
6.3021e-06
2.45521e-08
0
2.96187e+25
0.000248616
9.72825e-07
0
1.3872e+22
1.96097e+25
4.08536e+32
0
9.99499e-20
5.14741e-29
9.06063e-08
0
23424
1.00817e-08
-0.0311927
0
-9.32872e-35
2.49056e+35
-6.05715e-21
0
-5.72547e+27
25.4296
5.63695
0
-15.25
-3.24331e-08
2.4542e-08
0
-7.13044e-10
3.53365e-05
9.70654e-07
0
6.68954e-28
-2.65467e+23
4.08245e+32
0
-1.10934e-30
1.25467e-05
9.04018e-08
0
-0.0150757
-2.74867e+09
-0.0312242
0
-3.92902e-10
3.00936e-08
-6.04133e-21
0
-4.72698e+19
1.52802e-23
5.63675
0
-6.45863e-21
6.95155e-31
2.44845e-08
0
-7.54965e-32
-1.04207e-09
9.73888e-07
0
-1.86978e+31
-8.87701e-08
4.08518e+32
0
-2.88064e+23
1.18717e-13
9.06467e-08
0
-2.74225e-14
-2.23967e+21
-0.0312278
0
7.63976e-10
-1.00146e-17
-2.41741e-23
0
3.94816e-33
1.30411e+38
5.62664
0
-1.44512e+32
-4020.86
2.45577e-08
0
-0.00323486
1.77058e+06
9.70417e-07
0
-2.19792e-07
8.00463e-08
4.09655e+32
0
2.70583e+11
1.19548e+07
9.0581e-08
0
-5.55661e+10
-0.00158349
-0.0311404
0
-5.93186e-32
-1.25972e+10
-2.41246e-23
0
-1440
176.336
5.65248
0
-1.50635e-12
3.60847e+26
2.44914e-08
0
-6.35557e-33
-3974.28
9.73845e-07
0
1.22019e+35
-7.69553e+07
4.10308e+32
0
2.74004e-24
7.49849e-10
9.05111e-08
0
-2.09923e+33
-2.3636e+12
-0.0311493
0
6.81574e+07
-7.73328e+22
2.74008e+19
0
-7.82142e+21
4.94118e+11
5.64971
0
-2.45907e+37
-2.00906e-34
2.45375e-08
0
1312
2.14664e+32
9.72703e-07
0
7.15684e+26
6.68556e-19
4.09756e+32
0
-2.09385e-38
-85799.4
9.05939e-08
0
1.65666e-16
1.49115e-18
-0.0312257
0
-4.35416e-16
-3.22472e-21
-1.43592e-27
0
-6.42253e+06
-6.03017e-29
5.6505
0
1.07752e+14
27.6105
2.45174e-08
0
2.77827e-19
1.43272e+21
9.72071e-07
0
5.81785e-30
2.13083e+22
4.08753e+32
0
-2.22826e-11
-5.81121e-30
9.06025e-08
0
-2.81259e-07
1.11855e+33
-0.0312119
0
-2.0095e-14
2.4185e-32
-2.71844e-14
0
-1.66021e+21
7.20422e-17
5.62537
0
-9.77516e-06
1.30566e+09
2.45043e-08
0
-2.65427e-08
9792.14
9.75598e-07
0
-8.36193e-29
2.45592e-11
4.08232e+32
0
3.8125
-655157
9.05138e-08
0
-1.77844e-22
2.41775e+13
-0.0311418
0
-8.55638e+08
-3.36869e+08
-2.75379e-14
0
5.73641e-36
4.17182e-25
5.64966
0
-5.44983e+37
9.33825e+08
2.45139e-08
0
6.26722e+13
-2.31547e-14
9.71346e-07
0
9.32232e-12
2.78555e+26
4.08291e+32
0
6.51322e+37
6.25075e-05
9.05203e-08
0
-3.40022e+17
8.14873e+28
-0.0311983
0
3.28771e-38
5.6975e-08
-2.76097e-14
0
-5.11591e-12
-0.00129752
5.63472
0
-2.02662e+17
-3.71104e+22
2.44851e-08
0
9.23238e+16
1.42119e+28
9.73982e-07
0
-1.09018e+32
1.5382e+29
4.09526e+32
0
-1.62703e-30
3.50529e-38
9.07082e-08
0
-3.70666e-07
2.3985e+17
-0.0311354
0
536576
-6.75654e-15
-2.75865e-14
0
7.28306e-14
0.0211091
5.6512
0
1.08134e+06
-3.29505e-24
2.4493e-08
0
-2.14182e+34
4.59181e-11
9.7006e-07
0
2.20993e-36
-0.00163554
4.09165e+32
0
2.44379e-06
1.96028e-16
9.04458e-08
0
-1.00469e-26
-9.40669e-14
-0.0311541
0
-6.25349e-22
4.4726e+37
-6.06667e-14
0
1.88294e-13
-7.94987e+10
5.64143
0
2.12504e-17
1.18546e-21
2.45225e-08
0
3.54335e+10
-4.01083e+21
9.69788e-07
0
4.86374e-05
-1.47981e-36
4.0891e+32
0
7.09317e+16
-8.01881e+26
9.05279e-08
0
-3.72966e-16
2.63793e-37
-0.0312125
0
-3.43597e+10
-3.38281e-06
-1.68696e-14
0
-6.01506e-30
-2.28093e+25
5.63774
0
-2.33058e-12
-2.941e-13
2.45395e-08
0
1.32243e-37
-1.67862e-16
9.74784e-07
0
3.92122e+37
-5.07705e-33
4.08907e+32
0
-5.5127e+26
8.95453e-33
9.03491e-08
0
2.96652e-13
2.273e-28
-0.0312214
0
-0.125
-3.98003e+11
-8.86784e-12
0
2.35746e-23
-990.202
5.62884
0
-3.8125
0.00390221
2.44985e-08
0
16896
2.44157e+26
9.69659e-07
0
1.31832e-24
1.7314e-34
4.10215e+32
0
0.027832
1.92974e-16
9.07178e-08
0
5.78439e-10
1.37441e-20
-0.0312427
0
4.17927e-32
-1.11511e-23
-6.21803e-14
0
-0.703125
-10.0458
5.64288
0
46080
-2.70038e-13
2.45627e-08
0
5248
-2.61791e+18
9.69642e-07
0
4.4461e-24
-7.03283e+37
4.0974e+32
0
-7.74468e+23
-1.35033e+10
9.07909e-08
0
1.45174e-36
1.59752e+25
-0.0312219
0
1.64801e+28
2.53363e-34
-6.2207e-14
0
-5.62063e-30
5.916e-09
5.64918
0
-7.45909e+15
9.82998e-21
2.44867e-08
0
2.4846e+32
-381563
9.73472e-07
0
368640
-7.6741e+31
4.09363e+32
0
1.61716e-29
-1.51191e-34
9.05289e-08
0
1.49711e-34
4.80534e+10
-0.031168
0
-2.37495e+14
-4.79477e+25
-2.54056e-16
0
-0.0322266
7.44749e-29
5.63971
0
-1.24151e+09
1.955e-22
2.4484e-08
0
-6.05053e+21
3.35185e+14
9.71142e-07
0
5.68195e+25
1.01054e-09
4.09113e+32
0
-8.89046e-18
5.86444e+09
9.05733e-08
0
1.72388e-17
1.20557e+34
-0.031135
0
1.08086e+18
3.86685e+12
5.03488e+33
0
-1.1561e+33
1.44652e-14
5.63358
0
4.673e-05
-1.3707e+17
2.4528e-08
0
7.54975e+08
-3.2434e+35
9.71138e-07
0
-2.66613e+18
-8.8873e+11
4.08853e+32
0
4.64434e+15
2.47885e-27
9.04091e-08
0
1.38915e+10
3.75117
-0.0312311
0
-6.37519e+23
-5.26756e+20
3.48564e+34
0
-3.26638e-31
-2.91185e-36
5.6562
0
-7.47691e+36
-3.42257
2.45364e-08
0
-4.34104e-21
3.37167e+22
9.75038e-07
0
1.32293e+16
-6.9228e-15
4.08924e+32
0
-13568
-2.13744e-07
9.04799e-08
0
2.72017e+18
-2.01292e-05
-0.0311401
0
2.97238e+17
546675
9.22926e+36
0
2.13258e-25
4.3519e+11
5.62612
0
1.2219e-06
-9.28445e+29
2.44841e-08
0
-0.000808716
8.8415e-23
9.71026e-07
0
1.84172e+23
4.43224e+18
4.09764e+32
0
3.38964e-31
-1.72466e-22
9.0641e-08
0
9.86483e+27
-6.86389e+33
-0.0311788
0
-1.79848e+31
4.66801e-09
7.95795e+36
0
-1.09661e+37
0.00404978
5.63031
0
2.40976e-37
1.98882e+34
2.44529e-08
0
1.48893e-22
-4.18773e+06
9.72718e-07
0
-2.17604e-14
1.33182e-15
4.08396e+32
0
1.61716e-29
1.21315e-38
9.06558e-08
0
-3.44776e-17
-17.7538
-0.0312465
0
-2.15993e-20
5.00355e+31
3.18356e+35
0
-8.41283e-12
2.12038e-18
5.63432
0
7.65142e-24
-1.3592e+07
2.45424e-08
0
2.94978e+26
31545.6
9.69304e-07
0
-1.46801e+08
3.65093e+30
4.08195e+32
0
-2.09048e-29
7.70825e+21
9.05894e-08
0
18.875
-1.39157e-23
-0.0312116
0
2.2554e+34
-7.57092e-17
8.38273e+35
0
4.1473e-10
-1.37536e+13
5.63917
0
-3.30682e-18
9.60982e+06
2.44601e-08
0
2.40976e-37
4.33065e-08
9.69105e-07
0
1.13387e+12
-3.31669e+33
4.08246e+32
0
-0.609375
0.000213094
9.06722e-08
0
2.56499e+36
3.67358e-19
-0.0312091
0
2.90271e+15
-6.1454e+30
9.07407e+35
0
-3.78158e+20
-3.66671e-13
5.6492
0
5.70075e-32
-8.73357e-21
2.45278e-08
0
-4.78151e+08
2.07611e+10
9.74023e-07
0
1.07497e+33
1.01348e-33
4.10647e+32
0
8.56261e-26
7.34225e-12
9.06172e-08
0
-2.43561e-29
4.32639e-13
-0.0311307
0
-0.000873566
1.17779e+07
9.06617e+35
0
0.00201416
-3.28188e-29
5.64965
0
-0.257812
1.43888e+19
2.45288e-08
0
6.125
1.80206e+21
9.72282e-07
0
-9.89856e+08
1.04308e-09
4.08941e+32
0
-0.000343323
0
9.04153e-08
0
9.50398e+37
4.24205e+09
-0.0312304
0
-6.2947e+13
4.00315e+36
8.87701e+35
0
1.13817e+11
-1.66135e+21
5.64903
0
2.5625
1.19066e+12
2.45127e-08
0
9.07097e+12
3.6106e-12
9.72439e-07
0
-3.44807e+15
-1.35093e+31
4.10568e+32
0
1.37223e-33
-5.62962e-08
9.07487e-08
0
1.98365e-37
-1.95007e-27
-0.0312434
0
-3.89293e-07
1.18158e+14
8.8513e+35
0
3.28054e+28
3.88668e+34
5.63518
0
-2.56705e+17
-6.3224e+19
2.45404e-08
0
2.97785e-22
-4.20641e+25
9.68633e-07
0
-5.50383e+35
381483
4.10595e+32
0
-1.11343e-34
-7.02096e-15
9.06631e-08
0
1.92673e+25
3.13829e+29
-0.0311575
0
-2.30495e-30
-1.36748e+19
6.9296e+35
0
-3.69295e+17
-2.13273e-18
5.65194
0
8.94605e+25
-4.3638e+10
2.45457e-08
0
-1.70307e+36
-1.50861e-11
9.70909e-07
0
-2.17095e-27
-4.7675e-33
4.08555e+32
0
15616
6.82319e+33
9.07238e-08
0
3.29349e-29
-2.04577e+18
-0.0311739
0
-60160
6.07179e-15
6.91343e+35
0
-1.29934e+31
2.0905e+21
5.64963
0
-0
1.20639e+25
2.45548e-08
0
6.98802e-21
-2.31587e-36
9.758e-07
0
5.95796e+31
2.54442
4.08455e+32
0
3.88578e-15
2.70471e+13
9.07308e-08
0
5.126e-05
-9.48225e+36
-0.031157
0
1.3182e-20
3.69837e-08
2.60409e+37
0
1.53125
2.81099e+19
5.64255
0
-9.10533e+11
1.48865e+19
2.44608e-08
0
-4.00457e+24
1.15466e+30
9.74648e-07
0
4.14075e-33
3.63151e-24
4.09753e+32
0
-1.34349e+06
-1.63658e+33
9.05931e-08
0
1.07119e-16
-8.37793e-25
-0.0311718
0
-8.14152e+37
2.44392e-15
nan
0
-4.98682e+24
6.73412e-32
5.64219
0
-0.414062
1.23581e+25
2.44987e-08
0
-2.38651e-09
4.0418e-09
9.72532e-07
0
-0.00149536
1.7041e+22
4.10306e+32
0
-6.8394e-10
6.99384e+15
9.0648e-08
0
-946176
-3.62848e+10
-0.0311802
0
1.64146e-08
2.37424e+29
3.36309e+38
0
-5.30854e-08
-1.05095e+19
5.63713
0
-9.37916e-13
-3.14711e+08
2.44506e-08
0
2.7297e-23
-1.61675e+34
9.69888e-07
0
2.29684e+17
-1.18224e+26
4.09625e+32
0
-1.90639e-25
-4.09816e-17
9.07607e-08
0
-115.5
-1.02075e+27
-0.0311629
0
-7.25849e+11
-2.16483e-19
1.01256e+38
0
-0.828125
-9.70136e+26
5.6553
0
-1.1724e-13
-6968.17
2.45019e-08
0
8.70427e+26
-1.19387e+29
9.7042e-07
0
-1.83354e-09
-5.07741e+11
4.08907e+32
0
0
-7.50305e-18
9.07865e-08
0
2.01556e+32
-13756.7
-0.031175
0
4.78473e-34
-6.95221e+36
-6.97185e-37
0
3.20924e-17
6.61308e+34
5.6357
0
6.14768e+36
-1.83567e+09
2.44865e-08
0
1.73334e-32
-3.01505e+17
9.68702e-07
0
-8.54925e-11
0.0330116
4.0902e+32
0
2.8399e-28
0.000281536
9.07053e-08
0
4.79768e+36
3.37167e+19
-0.0312472
0
-4.00578e+32
-2.15215e-10
-2.50029e-36
0
6.00267e-11
6.6517e-13
5.63955
0
4.43833e-10
3.75765e+12
2.45255e-08
0
1.17873e-23
3.70721e+16
9.75551e-07
0
-0.000240326
-5.17013e+31
4.10363e+32
0
-0.00161743
8.76563e+30
9.03752e-08
0
1.58727e-16
-5.66267e+23
-0.0312281
0
5.0822e-19
7.3521e+13
-2.50253e-36
0
1.01331e+17
5.16505e+13
5.63061
0
-1.43137e+27
1.79805e-21
2.45126e-08
0
-5.35456e+33
-2.04272e-14
9.75328e-07
0
-5.02899e-30
-2.86833e+09
4.0953e+32
0
7.50449e+32
1.11106e+29
9.0703e-08
0
4.55635e+21
-2.08407e-10
-0.031141
0
-5.92223e-33
3.27443e+31
-2.49556e-36
0
1.95503e-05
-2.34235e+26
5.65129
0
1.42519e-32
-3.52919e-06
2.45299e-08
0
-1.16108e+15
5.90895e-34
9.73845e-07
0
1.78261e-10
3.52946e+16
4.09818e+32
0
-2.66157e+28
-2.64007e-11
9.06967e-08
0
-5.43159e+14
1.63293e-09
-0.0312485
0
2.87757e+32
-1.90389e+08
-6.96067e-37
0
-1.20488e-37
2.61955e+14
5.65416
0
-1.30997e+11
-5.32811e-12
2.45211e-08
0
-1.39782e+24
-5.54522e+08
9.74467e-07
0
-8.65075e+06
5.49474e+14
4.09001e+32
0
-2.41589e-30
-1.98512e+16
9.07431e-08
0
-4.84243e+32
10342.7
-0.0312198
0
3.04345e+15
-7.77078e+28
1.58682e+18
0
1.65892e-09
3.80098e-28
5.64271
0
-5.90872e+18
-2.58985e-14
2.44495e-08
0
-4.54485e-07
-4.74963e+25
9.73783e-07
0
-4.78665e+33
2.40994e-05
4.10309e+32
0
4.27463e-11
-8.02021e-32
9.05485e-08
0
4.6396e+32
-5.86344e-38
-0.0311704
0
3.18495e+19
8.75329e+37
1.58619e+18
0
3.14713e-05
-9.01824e-28
5.64424
0
3136
-9.87312e-08
2.45164e-08
0
-1.49538e+37
-1417.23
9.74787e-07
0
-6.41848e-17
-1.18486e-20
4.09521e+32
0
-3.65078e-07
-3.4429e+17
9.04308e-08
0
-2.26485e-13
6.02941e-34
-0.0311361
0
-2.14672e-17
-2.26175e+14
7.52468e+19
0
-3.24835e+30
-9.34738e+10
5.62617
0
2.14994e+33
3.46156e+29
2.45342e-08
0
-1.97956e+34
-1.03948e-26
9.71208e-07
0
7.09317e+16
-1.27332e-26
4.08376e+32
0
-1.24345e-13
1.68396e+22
9.0523e-08
0
7.34474e+14
-1.7274e-11
-0.0311941
0
-nan
-2072.77
7.5497e+19
0
7.01449e-22
-8.72562e-10
5.6511
0
-3.75942e-31
-350154
2.45256e-08
0
-5.06768e+36
2.67763e-11
9.73368e-07
0
-7.05626e+28
2.4875e+19
4.10142e+32
0
3.02366e+13
-5.76918e-25
9.07983e-08
0
-5.10784e-23
6.90925e-32
-0.0311465
0
4.36713e-27
-2.67133e-13
5.84249e+25
0
1.78125
-2.39622e-14
5.63404
0
1.75821e+19
-2.35468e-10
2.45437e-08
0
-8.10648e+17
-3.63987e-29
9.73446e-07
0
2.62013e-14
2.46311e+22
4.08244e+32
0
0.00037384
-2.05133e+09
9.05567e-08
0
-1.16139e-35
-1.61661e-37
-0.031171
0
-5.96046e-07
5.15042e+08
1.03948e+20
0
1.05227e+11
-4.96435e+30
5.63497
0
3.3466e+32
6.24695e+24
2.45206e-08
0
5.61159e-21
1.35586e+22
9.71993e-07
0
1.16229e-06
-3.5467e+10
4.09893e+32
0
-3.5723e+36
1.56397e+11
9.06537e-08
0
2.04643e-18
-6.19362e+07
-0.0311387
0
-7.31385e+18
1.92875e+35
4.18398e+18
0
2.35367e-14
-1.30221e-25
5.65262
0
1.82539e-07
-4.35801e-27
2.45292e-08
0
-5.41789e-14
1.43615e+27
9.75288e-07
0
-7.6846e+35
-0
4.09045e+32
0
2.84542e+10
-9.1446e-29
9.06825e-08
0
-1.5203e+37
-9.28487e+16
-0.0312246
0
1.78671e-21
-8.43804e+09
6.65782e+13
0
-6.5081e-30
8.38945e-15
5.65326
0
1.62127e-22
-3.10404e+22
2.45554e-08
0
-4736
-9.3824e-25
9.71337e-07
0
-0.167969
9.52175e-15
4.10127e+32
0
-1.42609e-09
-8.48997e-26
9.07169e-08
0
6.17801e-24
2.65155e+38
-0.0312119
0
7.4375
9.14162e+36
8.85543e+21
0
-2.66613e+18
-2.30975e-08
5.6283
0
-1.03947e+32
-1.73152e+37
2.44939e-08
0
2.41589e-30
-1.11816e+21
9.73236e-07
0
8.19564e-07
-2.82613e+26
4.08347e+32
0
-0.000297546
-5.64921e-21
9.03676e-08
0
2.71368e-27
-2.00112e-31
-0.0311645
0
4.99137e+30
4.39825e+22
0.0282959
0
5.68989e-16
4.94001e+06
5.63441
0
-1.93987e+07
-1.96171e-05
2.45195e-08
0
-6.70032e-37
-4.23015e-10
9.73443e-07
0
-3.38964e-31
-7.97573e+15
4.08914e+32
0
2.28177e+32
2.76852e-32
9.07756e-08
0
-7.20552e-25
2.73972e-17
-0.0311534
0
4.76637e+33
4.40793e+21
5.05245
0
50176
1.41393e+09
5.62709
0
2.42446e-38
-2.91744e-09
2.4507e-08
0
-1.53008e+10
1.51868e+16
9.73521e-07
0
-5.93718e-09
4.30465e+35
4.09437e+32
0
-6.30823e+09
-6.09865e-35
9.05138e-08
0
-8.12247e+24
5.22263e-17
-0.0311735
0
1.77533e-09
2.86733e-15
5.06752e+20
0
368640
2.33936e+17
5.65199
0
4.67006e-28
1.02644e-33
2.45545e-08
0
-2.99076e+37
13471.3
9.72297e-07
0
-4.35755e+30
-4.06419e+24
4.09707e+32
0
5.81741e-05
-1.33538e-08
9.06355e-08
0
-5.62931e-27
1.66949e-13
-0.0312451
0
0
-1.05375e+19
3.32008e+21
0
3.32041e+21
7.39908e-38
5.63343
0
7.75946e+07
0.0860078
2.45561e-08
0
-8.30092e-20
-1.89197e-30
9.69114e-07
0
14080
1.03572e+23
4.09139e+32
0
1.86778e+06
-95.0956
9.0443e-08
0
3.85076e+20
1.582e-25
-0.0311987
0
-3.63798e-12
2.432e-24
2.55279e+24
0
1.50635e-12
-3.17414e+19
5.63922
0
nan
1.7771e-15
2.44481e-08
0
-0.890625
7.03741e-07
9.68774e-07
0
3.17222e+27
-5.56655e-17
4.09695e+32
0
4.29916e+07
4.08403e+26
9.04437e-08
0
-9.77707e-11
-1.3216e+21
-0.031135
0
-1.50901e+34
-9.33458e-33
1.17084e+10
0
-3.14713e-05
-5.53456e+10
5.64276
0
-1.23915e+25
3.51889e+25
2.44915e-08
0
2.10453e+11
-1.33045e-18
9.70545e-07
0
5.9557e-22
-3.05846e+16
4.09671e+32
0
7.10133e-09
-3.17174e-38
9.06006e-08
0
2.65214e+11
1.82862e+30
-0.0311676
0
2.26755e+07
-1.1278e-29
3.60565e+11
0
1.04797e+12
5.20739e+28
5.65027
0
-6.06591e+28
-1.1951e-30
2.44834e-08
0
7.17052e-37
-1.13059e+19
9.71961e-07
0
-1.44951e-12
2.67815e-18
4.08691e+32
0
-0.984375
-2.60242e+13
9.03968e-08
0
-1.20137e+25
-0.804091
-0.0311683
0
-2.02032e+31
-1.74433e-16
9.80708e+14
0
-4.55191e-15
1.60982e+29
5.62807
0
-2.20153e+36
-6.94956e-12
2.44887e-08
0
3.5129e-31
-19490.1
9.75029e-07
0
3.89951e+28
-1.01033e-16
4.08961e+32
0
-0
7.25414e-07
9.04112e-08
0
2.00686e-27
6.94195e+24
-0.0311762
0
11.6875
-2.41832e-12
4.99221e+12
0
5.38421e-10
3.77041e+37
5.64874
0
1.09888e+18
-2.64054e-11
2.45224e-08
0
6.16899e-35
2.87885e-18
9.70518e-07
0
-6.82424e-24
-1.25739e-30
4.09743e+32
0
1.29173e-20
19.7414
9.04355e-08
0
1.56433e-09
-1.03458e-32
-0.0311877
0
261120
-318.882
9.78839e+14
0
-66
-3.02256e-07
5.63144
0
-9.30578e-24
-1.54745e-17
2.45217e-08
0
-9.0389e+20
8.44355e+13
9.74967e-07
0
1.04308e-06
-7.87545e-18
4.09722e+32
0
0.0144043
-2.37534e+35
9.06641e-08
0
-6.13461e-38
7.474e+17
-0.0312258
0
-1.23746e-21
6.26608e+32
5.00975e+12
0
2.48303e+09
1.35869e-29
5.64529
0
-1.95156e-17
2.37353e-28
2.45398e-08
0
-2.86229e-17
1.28944e-06
9.71489e-07
0
4.20641e-12
1.85693e-13
4.1034e+32
0
6.30079e-26
-0.819384
9.04799e-08
0
924
-4.63211e+18
-0.0311653
0
3.62098e-06
1.64142e-16
4.98566e+12
0
2.15504e+14
2.08769e-25
5.65393
0
-1.38667e-31
-1.53939e-21
2.45069e-08
0
-8.66668e-33
5.16818e+06
9.6914e-07
0
3.05474e-07
-7.21727e+15
4.09085e+32
0
-1.37818e+26
-3.36663e-22
9.05627e-08
0
-0.00340271
9.7825e-32
-0.0311532
0
-7.80921e+37
1.53429e+21
5.01619e+12
0
-3904
5.75067e-12
5.62641
0
-0.703125
-156.721
2.44944e-08
0
2.85218e-09
-1.13614e-10
9.69497e-07
0
-4.22839e-18
-42.768
4.08373e+32
0
1.68257e-11
-1.80683e-38
9.0406e-08
0
8.04663e-06
1.37179e-14
-0.0311779
0
-1.76078e-09
2.5317e-29
-4.16097e-16
0
1.93271e-29
4.12902e+23
5.62623
0
-2.55795e-12
1.42508e+37
2.44803e-08
0
-1.81794e-06
54.6956
9.72033e-07
0
0.367188
4.50016e+32
4.08302e+32
0
3.0845e-35
-36.3827
9.07789e-08
0
2.07037e-32
2.23651e+33
-0.0311362
0
2.47383e-09
5.85263e+19
-4.16255e-16
0
1.83881e-16
-3.29208e-26
5.64252
0
0
9.92202e+35
2.45186e-08
0
1.99473e+25
-2.10055e+18
9.72317e-07
0
1.71524e+14
-4.44577e+28
4.08453e+32
0
-1.52767e-13
-1.44163e+24
9.06408e-08
0
-2.34938e+23
-2.30323e-07
-0.0311394
0
-1.04354e-18
2.35548e+26
-4.15012e-16
0
-7.28426e+12
1.72203e-29
5.63507
0
-8.26704e-19
1.84587e+32
2.45097e-08
0
-1.45435e-05
-1.3946e+32
9.6948e-07
0
6.87866e+08
-3.82116e+37
4.09575e+32
0
8.61473e-09
2.76569e-07
9.03945e-08
0
5.84581e+07
-1.04019e-35
-0.0311773
0
-2.56258e-36
0
-4.1478e-16
0
-3.32041e+21
4.07574e-05
5.64401
0
-0.0161133
2.62634e+29
2.44684e-08
0
-2.3593e+07
5.18064e-15
9.73834e-07
0
-6.03972e-31
3.26898e-22
4.09688e+32
0
-2.49341e+24
1.66001e-09
9.07376e-08
0
5.12507e+29
-3.29648e+34
-0.0311988
0
1.02818e-06
-1.1377e-19
-4.16031e-16
0
5.05447e-05
-6.94458e-37
5.6528
0
3.97535e+33
-4.80187e+14
2.44531e-08
0
2.27633e+11
-4.36057e-27
9.74823e-07
0
2.50293e-09
-3.81915e-13
4.1051e+32
0
2.72089e+20
-5.1347e-05
9.03675e-08
0
-5.81537e+37
-3.28921e+37
-0.0311562
0
-2.61926e-32
-1.67039e-21
-8.37565e-14
0
83968
-3.61393e+29
5.6553
0
3.07384e+36
-2.17825e-10
2.45189e-08
0
-1.91286e-24
-3.65698e+17
9.69958e-07
0
-8.58563e-10
3.02662e+16
4.10034e+32
0
-4.26581e+19
1.90114e+35
9.04121e-08
0
-7.30191e+26
-9.51091e+12
-0.0311448
0
1.52795e-10
2.98513e-14
-8.36865e-14
0
1.84361e+25
1.5346e+18
5.63373
0
4.20641e-12
-2.52122e+13
2.45228e-08
0
-1.60183e+25
-3.96105e-33
9.69844e-07
0
-944
8.00628e+22
4.10149e+32
0
7.27919e-22
-0.00617866
9.04828e-08
0
2.52262e+32
0.0153111
-0.0312046
0
-6.90493e+14
1.72931e+09
-8.88326e-14
0
5.81741e-05
1.15205e-11
5.6481
0
1.52737e-07
5.09459e-27
2.45605e-08
0
5.11591e-12
1.09386e-13
9.68828e-07
0
2.34963e-32
440426
4.09517e+32
0
7.17052e-37
8.88268e-17
9.06631e-08
0
8.7752e-13
3.82152e+11
-0.0311876
0
-2.72017e+18
9.56664e-23
5.48311e+12
0
7.72494e-19
1.74517e-08
5.65014
0
-2.20117e+10
-2.3767e-30
2.44524e-08
0
-2.89024e+32
4.86947e+15
9.74501e-07
0
1.23732e+08
-4.72945e+12
4.08932e+32
0
1.09778e-32
-0.0074584
9.07414e-08
0
1.23382e-05
-5.3518e-07
-0.0311501
0
-4.32191e+25
4.14547e-28
5.46672e+12
0
8.13639e+13
-2.09687e+18
5.65541
0
1.65625
8.067e-17
2.4501e-08
0
4.94891e+33
1.36609e-32
9.75998e-07
0
1.08802e-14
-5.26215e+37
4.08332e+32
0
1.13581e+34
1.51352e+32
9.04455e-08
0
-4.3411e+08
-1.17178e+21
-0.0312061
0
-52.5
6.76773e+09
1.04063e+17
0
6.94682e+06
4.84794e-37
5.63478
0
1.81419e+13
1.18221e-33
2.44824e-08
0
-9.69933e+06
-2.84562e-10
9.71422e-07
0
1.88979e+12
-1.80698e+06
4.09983e+32
0
1.04805e-13
-1.88596e-12
9.06296e-08
0
-2.95494e+13
0.0211512
-0.0311548
0
-5.68687e-24
6.61038e+20
1.03622e+17
0
6.86799e+16
3.67258e-30
5.65407
0
-1.3976e-20
6.40776e-10
2.44612e-08
0
0
3.13807e+28
9.7428e-07
0
1.19326e-09
-1.09129e+07
4.08705e+32
0
-3.76588e-13
1.90084e-10
9.07195e-08
0
-1.68745e-21
2.10392e-22
-0.0312247
0
2.71833e-38
-297.264
1.03869e+17
0
3.94816e-33
-1.49307e-08
5.6403
0
6.31809e-06
-4.10988e-32
2.44646e-08
0
-3.77487e+08
1.28717e-36
9.72945e-07
0
1.76705e-27
3.5238e-36
4.10185e+32
0
-2624
-3.94097e+19
9.0681e-08
0
5.97209e+26
-6.44328e+18
-0.0312279
0
-2.21867e-31
-9.33939e+09
-6.96288e-12
0
-1.02682e+18
2.04849e-34
5.653
0
-2.41592e+10
-5.64242e-37
2.44788e-08
0
2.22686e-34
2.23479e-35
9.71989e-07
0
-2.24464e-20
-4.78535e+10
4.10702e+32
0
9.85162e+15
4.43877e-27
9.04388e-08
0
-1.3579e+14
3.25673e-24
-0.0311435
0
-7.8255e-28
-6.60095e-18
-6.93977e-12
0
-3.87973e+07
1.03251e-12
5.62526
0
6.53275e-31
-5.69368e+06
2.44698e-08
0
-3.36725e+12
1.2368e+11
9.72754e-07
0
-7.41154e-21
-2.60869e+30
4.10259e+32
0
-1.38913e-19
-3.57571e-12
9.04492e-08
0
-5.7344e+06
-3.57545e-24
-0.0312108
0
-1984
-3.3459e-31
-6.952e-12
0
-15616
1.48886e-21
5.62795
0
-9.0389e+20
7.60654e-25
2.44977e-08
0
6.49671e+30
-2.01619e+08
9.74468e-07
0
-2.29193e-10
1.48476e-28
4.08495e+32
0
2.53384e+36
1.91963e-11
9.03715e-08
0
6.01681e+18
3.52013e-26
-0.0311783
0
1.21431e-17
8.88996e-23
-4.44412e-12
0
-3.40006e-16
-2.77818e+26
5.6283
0
6.95893e-36
-2.81823e+07
2.44727e-08
0
6.57667e+09
-1.61079e+25
9.73017e-07
0
4.1008e-05
4.96143e-33
4.10166e+32
0
-3.55677e+09
1.70264e-23
9.0582e-08
0
8.01112e+08
2.8241e-31
-0.0312188
0
-3.55271e-13
-1.01834e-22
-0.000829977
0
2.08291e+16
-8.67391e+22
5.62763
0
2.42636e+29
-3.60343e+14
2.44487e-08
0
-4.61619e+16
-2.08174e-22
9.73909e-07
0
-2.83762e-10
-1.18383e-31
4.10574e+32
0
0.00286865
4.38189e-27
9.04061e-08
0
-1.86483e-16
-4.30592e-29
-0.0311312
0
-1.08543e+31
-0.000201196
-1.50635e-05
0
-2.48264e-35
1.4715e-22
5.62973
0
-1.27111e-32
-8.15281e-31
2.44828e-08
0
-1.27663e+27
-1.55834e-10
9.70547e-07
0
-1.52767e-13
-2.48307e-38
4.10374e+32
0
-1.81608e-08
8.70998e-38
9.07045e-08
0
4576
-29.0504
-0.0311605
0
0.0289307
-3.85554e+35
-6.94118e-12
0
1.40898e+38
-2.414e-08
5.65489
0
-3.27491e+10
7.41769e-26
2.45129e-08
0
1.10077e+36
2.03009e-27
9.69495e-07
0
3.06945e-34
-1.75151e+32
4.10305e+32
0
2.02505e-13
2.92883e+26
9.07363e-08
0
2.24307e+37
-1.27198e+13
-0.031237
0
4.02139e+21
nan
-1.49125e-11
0
0.00149536
9.10355e+11
5.64106
0
-4.85272e+29
-9.50167e+07
2.45302e-08
0
-0.0258789
-7.83937e-30
9.69633e-07
0
-1.15864e-30
1.02796e-19
4.08806e+32
0
-2.12771e+27
-8.04725e-16
9.06429e-08
0
5.06102e-20
0.058137
-0.0312494
0
3.25
-1.72763e-18
-1.79006e-11
0
-249856
-3.99425e-13
5.63691
0
-2.52724e-05
1.77306e-20
2.45551e-08
0
1.07288e-05
7.05654e+23
9.75452e-07
0
-5.70613e+26
-1.4173e+12
4.1041e+32
0
6.58277e-36
3.07534e+26
9.05266e-08
0
6.73391e-20
1.47521e-19
-0.0311955
0
0.217773
0.0435036
-1.4967e-11
0
-912
1.04415e-15
5.65435
0
-7.15684e+26
4.46571e+06
2.44519e-08
0
-25088
5.32374e-10
9.74514e-07
0
-9.6757e+14
-9.69489e+16
4.08698e+32
0
-2.0116e-29
9.97121e-26
9.04835e-08
0
2.82796e-12
2.00768e-28
-0.0311941
0
-3.8208e+13
-2.38344e+18
-1.49404e-11
0
1.76406e+28
8.34674e+09
5.62731
0
-1.25344e+14
-1.46598
2.44643e-08
0
8.33166e+16
3.3803e-19
9.73246e-07
0
-1.02349e-16
-0.000176344
4.10612e+32
0
-2.243e+14
1.12702e+22
9.03928e-08
0
-9.36749e+18
-998763
-3.12436e+17
0
6.69806e+35
5.83422e-29
-2.82109e-19
0
-1.1073e+09
-6.20477e-08
5.63578
0
-1.3976e-20
1.16226e+25
2.44785e-08
0
124928
6.59516e+25
9.7456e-07
0
-5.3835e+23
-2.10598e+25
4.10694e+32
0
2.59404e-21
0.278885
9.04111e-08
0
0.679688
1.75105e+21
-3.1225e+17
0
1.93569e+37
-2.57495e-05
-2.82792e-19
0
7.54965e-32
-4.6023e+35
5.65121
0
-1.82542e+33
-0.53274
2.44619e-08
0
-3.81842e-08
-1.02107e+08
9.68855e-07
0
-2.68006e+12
-9.99973e-10
4.10695e+32
0
1.06252e-17
9.91926e+34
9.05548e-08
0
5.79821e+10
-0.089244
-1.60907e+32
0
3.37458e-18
-1.02612e+34
-2.82142e-19
0
9.83629e+37
1.72813e-32
5.64242
0
-1.07684e-09
-2.67383e-10
2.44617e-08
0
-5.43594e-05
-1.48566e-19
9.73271e-07
0
-1.08468e-29
-3.73374e-13
4.08594e+32
0
0.238281
5.68432e-26
9.07838e-08
0
-9.44473e+24
-9.52124e-26
-2.40157e+32
0
-2.78537e+29
2.68924e+15
-2.81778e-19
0
2.28177e+32
-1.9271e+12
5.63629
0
1.65625
1.21472e-19
2.45558e-08
0
-5.62626e+20
-4.0677e-23
9.72506e-07
0
-1.27779e+33
-8.48546e-22
4.10592e+32
0
1.52762e+19
-2.7518e+29
9.05562e-08
0
8.87805e+24
2.94374e+24
-4.42878e+24
0
9.96421e+16
5.06951e-37
-2.82109e-19
0
2.09048e-29
-4.28468e-33
5.6532
0
2.43945e-18
6.80496e+15
2.44962e-08
0
-6.87979e+34
44485.6
9.73798e-07
0
3.06945e-34
1575.17
4.10436e+32
0
2.85576e+35
-1.5095e-18
9.06963e-08
0
-3.3463e-33
-4.94176e+22
-4.4277e+21
0
1.21654e-08
2.36148e-22
-2.82853e-19
0
1.21973e-18
2.72183e+38
5.63747
0
4.29916e+07
7.60969e-33
2.44539e-08
0
1.47489e+26
1.69518e-08
9.74794e-07
0
0.019043
5.72237e-07
4.09757e+32
0
2.04149e-32
1.26807e-12
9.07412e-08
0
6.64921e-20
-1.06037e-08
-5.22831e+24
0
-3.99115e-23
2.4397e-11
-2.82464e-19
0
-14592
1.58067e+07
5.63469
0
-1.43888e-27
-2.71818e-12
2.44726e-08
0
-1.90921e-08
-3.35138e+29
9.75683e-07
0
2.25973e+20
-1.38205e+14
4.08273e+32
0
1.53692e+36
3.22508e-18
9.05337e-08
0
4.55989e+16
3.15007e-20
-5.92005e+24
0
4.02607e-37
1.01403e+36
-2.82143e-19
0
-9.30578e-24
4.27982e+20
5.6428
0
-5.64932e+19
3.10056e-18
2.44849e-08
0
4.33431e-13
-8.15318e+17
9.73263e-07
0
7.3727e-35
8.21039e-13
4.08776e+32
0
-2.62866e+20
5.87449e-07
9.05121e-08
0
-3.69482e-13
1.48733e+23
-3.09376e+27
0
-5.27501e-06
1.73759e-12
-2.82483e-19
0
-151552
-1.15198e-31
5.63799
0
-1.77533e-09
-3.4447e-36
2.45184e-08
0
-1.03125
-3.48866e+31
9.7522e-07
0
-5.2262e-30
1.34613e-20
4.10024e+32
0
1.46852e-33
-2.66125e-37
9.04004e-08
0
1.52534e-31
-2.24542e-17
-3.08789e+27
0
-4.64073e-14
-1.47123e-14
-2.81936e-19
0
3.79119e+27
5.46482e-17
5.63587
0
-1.73973e-36
6.81747e+08
2.45005e-08
0
-1.30264e+38
-1.92985e-10
9.74784e-07
0
-2.43497e+21
1.08547e+06
4.09173e+32
0
-0.00598145
1.88232e-05
9.07151e-08
0
5.59432e+15
-6.06863e-18
-8.44743e+29
0
4.0043e+37
6.78451e+19
-2.8251e-19
0
-2.94683e-24
-7.19051e-24
5.64865
0
-1.84361e+25
1.52345e-15
2.45255e-08
0
24.5
2.77202e-08
9.73463e-07
0
-8.3844e-13
-3.80298e+28
4.10575e+32
0
2.73219e-17
-3.56703e+26
9.04911e-08
0
2.05773e-11
0.147859
-8.4269e+29
0
1.13815e+37
1.93478e-14
-2.81531e-19
0
1.90582e-20
1.59572e-12
5.6511
0
5.24887e+29
-3.46767e-29
2.44802e-08
0
-0.191406
-3.64016e-05
9.72412e-07
0
0.0595703
-2.38267e+20
4.09099e+32
0
2.08722e-14
6.0394e+26
9.04665e-08
0
-2.97055e-30
-7.68585e-37
-8.42091e+29
0
-2.32315e-33
1.4246
-2.81256e-19
0
0.00125122
1.29802e-17
5.64437
0
-9.016e+13
1.63273e+09
2.45026e-08
0
3.91006e-05
-54.3876
9.69356e-07
0
6.24687e-21
-0.00153733
4.08551e+32
0
-2.02185e-36
1909.93
9.04047e-08
0
8.31151e-21
63875.1
-8.43155e+29
0
1.91936e-38
0.00579436
-2.81838e-19
0
-2.74153e+36
2.0893e-38
5.64779
0
7.11237e-17
-1.39559e+13
2.45075e-08
0
6.9206e+07
-3.92228e-34
9.69408e-07
0
-1.94134e-31
-4.63303e-06
4.10617e+32
0
-1.41977e+33
-1.21199e+09
9.05072e-08
0
0
5.20299e-36
-8.45944e+29
0
772
-6.53491e+22
-2.82479e-19
0
-5.94475e+17
7645.76
5.64536
0
-7.54965e-32
949422
2.45062e-08
0
1.33307e+18
-2.86107e+17
9.70236e-07
0
-3.14312e-31
-56.1905
4.08368e+32
0
3.77957e+12
3.98553e+31
9.05874e-08
0
-2.24813e-37
-4.04978e+34
-8.46689e+29
0
7.32861e+30
-55.0593
-2.82714e-19
0
-9.43929e+27
5.60405e+11
5.63044
0
1.19114e-21
-5.63385e-15
2.44504e-08
0
-1.0213e+28
1.10704e+13
9.75431e-07
0
3.63461e+35
-6.60795e+29
4.08854e+32
0
-5.64501e+29
6.23048e-25
9.05806e-08
0
3.27156e+09
3.00892e-05
-8.42231e+29
0
3.97512e-31
2.00245e+30
-2.81856e-19
0
5.43594e-05
3.04288e-34
5.63149
0
-2.94912e+06
-4.24715e+15
2.45512e-08
0
4.82809e-20
-9.79103e-25
9.71793e-07
0
-1.38121e-37
6645.4
4.09263e+32
0
3.7883e+37
3.29639e-31
9.05506e-08
0
-2.53391e+27
7.8379e-09
-8.42145e+29
0
1.89848e-14
3.33066e-36
-4.97676e-17
0
4.28364e+34
1.50838e+16
5.63994
0
4.67307e+35
-5.6044e-37
2.45445e-08
0
6.56108e+28
2.75458e-38
9.73768e-07
0
2.26182e-25
18417.6
4.08964e+32
0
4.94384e+31
1.4148e-27
9.05382e-08
0
2.05947e-35
4.17e+16
-8.4538e+29
0
3.97583e+15
1.72491e-18
-1.33813e-15
0
-3.35276e-07
-1.20546e-36
5.63095
0
-2.74004e-24
-2.48439e+16
2.44753e-08
0
7.82013e-05
-5.33832e-19
9.7196e-07
0
2.0961e-13
-9.89988e-33
4.10568e+32
0
2.64274e-19
4.58548e-20
9.06739e-08
0
2.5559e+07
-1.77933e+31
-8.45781e+29
0
-8.12089e+29
-7.26842e-06
-3.6817e-12
0
-2.86229e-17
-1.90941e+06
5.6492
0
-1.26362e-05
-4.94094e-11
2.45072e-08
0
7.74468e+23
4.78883e-23
9.72861e-07
0
-4.9566e+25
8.77006e+26
4.1039e+32
0
4.15052e+20
-6.11538e+18
9.06841e-08
0
1.44953e-29
8.20028e-34
-8.4374e+29
0
-1.95638e-28
-1.431e-06
-5.06331e-11
0
-4.62792e+23
-0
5.64961
0
-2.12506e+23
-1.12352e-20
2.44512e-08
0
45
-4.16205e+32
9.72474e-07
0
8.48025e-30
-1.19278e+29
4.08731e+32
0
-1.11415e+29
-1.18257e-23
9.03985e-08
0
1.49121e+13
-5.82534e-13
-8.42495e+29
0
-79872
1.00457e+32
-3.67422e-12
0
5.54668e-31
-3.3593e+29
5.63611
0
5.55745e+07
-1.2138e-21
2.45534e-08
0
-2.16716e-13
-1.41329e+38
9.71476e-07
0
7.38734e+11
-2.65636e-12
4.09604e+32
0
4.9352e-34
4.41391e+35
9.05497e-08
0
1.36584e-20
-4.73863e-14
-8.45441e+29
0
3.76435e-16
9.50823e+20
-2.81981e-19
0
5.36562e+14
4.77222e-35
5.64347
0
-1.09661e+37
3.14483e+31
2.45378e-08
0
-8.90743e-34
-1.28048e+08
9.74516e-07
0
-1.11448e+24
-6.7773e-17
4.10045e+32
0
6.6252e-32
9.26621e+09
9.05774e-08
0
-2.01141e-25
-2.01069e-25
-8.42949e+29
0
9.2285e+32
-3.17774e-23
-1.19215e-18
0
1.73015e+07
0.000822883
5.65171
0
1.37573e+09
-2.95376e+35
2.45303e-08
0
-1.31433e+20
1.82536e+36
9.73936e-07
0
-1.82424e-30
-2.93874
4.10714e+32
0
1.77547e-34
-3.85745e-12
9.07551e-08
0
1.27584e-20
-1.57883e-26
-8.44222e+29
0
-2.32386e+18
-6.40757e+34
-2.81713e-19
0
-1.35917e-38
-3.00536e+29
5.62864
0
-1952
-1.80944e-09
2.4457e-08
0
1.20072e+34
6.60932e+31
9.70708e-07
0
-1.45286e-07
-3.31057e+21
4.08222e+32
0
2.75635e+26
9.42171e-32
9.04358e-08
0
-8.2807e+12
-0.50221
-8.42363e+29
0
1.38281
9.42222e-18
-2.82209e-19
0
-4.82032e-11
-3.05146e+25
5.64741
0
-1.35899e-05
-2.81265e-38
2.45214e-08
0
7.83402e+12
1.49548e-09
9.69835e-07
0
9.49157e-27
-4.39769e-20
4.0986e+32
0
-6.00267e-11
-2.87022e+12
9.06524e-08
0
-1.46033e+35
-0.00168447
-8.42264e+29
0
7.00377e+31
9.05523e+33
-3.36951e-12
0
7.55143e+28
6.13443e+25
5.63996
0
-3.7883e+37
-3.78001e+18
2.45591e-08
0
-4.28131e-26
1.53544e+33
9.7035e-07
0
2.28983e-16
2.88227e+07
4.09992e+32
0
2.16269e+06
-2.62429e+07
9.06577e-08
0
-2.98653e+28
-6.77779e-30
-8.43359e+29
0
-9.28123e+34
-3.49114e-10
-1.36107e-12
0
-5.4263e-22
-2.38143e+23
5.63455
0
-434176
-1.18155e+09
2.4503e-08
0
-5.55745e+07
3.15033e-23
9.74407e-07
0
2.29851e-17
-4.25443e-21
4.10669e+32
0
7.65041e+09
2.68881e-32
9.04599e-08
0
8.20446e-32
2.55216e-34
-8.43594e+29
0
-5.93662e-05
4.30713e+07
-8.41761e-20
0
-4.29249e+15
-5.11394e-22
5.63647
0
2.14958e+07
2.43367e+32
2.45627e-08
0
3.28833e+09
3.00346e-33
9.70075e-07
0
-3.22982e+12
2.21073e-20
4.0917e+32
0
-9.52029e+24
-1.09423e-28
9.03553e-08
0
-5.07832e-05
-1.15223e+30
-8.4535e+29
0
3.01023e+26
-6.94295e+13
-8.40926e-20
0
-3.65078e-07
5.97329e-38
5.62729
0
1.56428e+22
-1.75686e-31
2.4492e-08
0
1.93987e+07
-7.82206e+37
9.69214e-07
0
-1376
4.53961e+18
4.08238e+32
0
4.74579e-27
6.51757e+29
9.06128e-08
0
-4.2393e-23
-1.59929e-15
-8.44474e+29
0
1.75244e+20
-1.87641e-12
1.15975e+09
0
-3.01986e-31
5.03485e-16
5.64073
0
-1184
0.00010541
2.44497e-08
0
5.70075e-32
-1.97113e+26
9.73751e-07
0
-1.59578e+26
1.69637e+34
4.10715e+32
0
-2.0845e-22
-1.07722e+09
9.058e-08
0
1.18452e-21
2.08062e-08
-8.4304e+29
0
-6.29574e-07
-5.74769e+36
-8.40532e-20
0
1.97408e-33
-4.57332e-23
5.6355
0
-106
2.49446e-09
2.45511e-08
0
100352
-8.39311e-24
9.69616e-07
0
-3.1673e+35
4.27017e-23
4.08931e+32
0
2.56705e+17
-0.00460979
9.04742e-08
0
8.15923e+06
-2.03397e+32
-8.45007e+29
0
8.73638e+23
2.01983e+22
-8.42126e-20
0
1.45939e-29
8.23647e+15
5.63112
0
-3.55618e-17
-1.66682e+16
2.45038e-08
0
-2.26774e+12
1.39592e-15
9.6915e-07
0
-148
-3.24796e+07
4.08332e+32
0
-3.43399e+16
0.000375909
9.06437e-08
0
227
-2.8598e+33
-8.42246e+29
0
1.33739e+21
-20.015
-8.41094e-20
0
nan
-37247.2
5.62925
0
6.85383e+35
4.62333e-35
2.44872e-08
0
0.0400391
-3.90292e-20
9.7002e-07
0
1.93124e-19
-0.180308
4.08187e+32
0
9.26912e-30
1.79811e-31
9.06728e-08
0
-49920
4.42208e+06
-8.44443e+29
0
5.635e+12
-1.92037e+32
1.06547e+24
0
-2.86274e+27
-3.02059e-22
5.63693
0
-1.74085e+27
1.9036e-20
2.44893e-08
0
1.21242e+06
4.44797e-09
9.73949e-07
0
7.96211e-20
nan
4.08944e+32
0
-1.72403e+15
8.35838e+09
9.06199e-08
0
29312
2.69226e+14
-8.449e+29
0
-0.152344
-7.15732e-29
1.06686e+24
0
1.57926e-32
-2.3384e-05
5.6388
0
-1.68234e+22
6.12254e+25
2.44892e-08
0
-1.03762e-20
3.0472e-22
9.73597e-07
0
4.77396e-15
-1.41683e-27
4.08309e+32
0
4.62792e+23
-4.56717e+07
9.03787e-08
0
-4.57533e-17
2.32478e-14
-8.44803e+29
0
-4.64916e-06
-4.98854e+22
1.06554e+24
0
-1.69271e-35
1.08311e+14
5.64362
0
24.5
-102121
2.45186e-08
0
-2.18409e+22
-1.37528e+14
9.73252e-07
0
1.03354e+14
-21.1832
4.08895e+32
0
49
-9.6252e-22
9.06392e-08
0
493568
-1.49752e-05
-8.46575e+29
0
-4.02653e+09
-7.10399e-16
1.88753e+26
0
-4.40307e+36
-9.16496e-27
5.64017
0
-3.3466e+32
-2.96306e+34
2.45447e-08
0
1.82424e-30
-655.791
9.75372e-07
0
-3.58526e-37
6.20133e+34
4.08836e+32
0
-2.72492e+37
-nan
9.03385e-08
0
-2.10093e-10
-2.41161e-20
-8.43399e+29
0
3.59118e-06
-6.7612e+21
5.84951e+31
0
-3.35276e-07
6.2277e+32
5.64521
0
7.78765e-38
-1.99148e-38
2.45208e-08
0
-2.29019e+28
-1.32883e+11
9.69455e-07
0
4.5649e+27
1.42597e+23
4.08814e+32
0
4.73959e-35
6.17582e+31
9.05364e-08
0
-5.67348e+14
-1.32233e-35
-8.46668e+29
0
1936
-2.13717e-30
1.86858e+37
0
-4.70735e-14
-12.8763
5.6452
0
1.84177e-25
-7.99848e+32
2.45546e-08
0
3.44544e+25
-3.4743e+10
9.705e-07
0
5.50293e+09
1.10441e+27
4.10458e+32
0
-2.64274e-19
1.32388e-33
9.04234e-08
0
9.74958e+11
-23444.2
-8.44318e+29
0
-7.35705e-32
1.20675e-05
6.33113e+31
0
-1.1561e+33
6.34849e-27
5.6275
0
3.4001e+24
-1.93517e-21
2.4539e-08
0
1.52186e+20
-0.000617891
9.72028e-07
0
-1.20699e+28
9.07747e-19
4.1065e+32
0
-7.56464e+14
6.28421e+30
9.04606e-08
0
3.82812
2.95973e+19
-8.43631e+29
0
5.09317e-10
3.05892e+15
1.06521e+24
0
1.94798e+22
0.0101268
5.63501
0
-7.11354e+09
-1.41282e-28
2.44772e-08
0
1.66021e+21
3.20167e-13
9.74422e-07
0
3.38499e+26
-176908
4.09948e+32
0
-6.625
7.01279e-06
9.05291e-08
0
-1.00509e-33
3.72407e-09
-8.45034e+29
0
1.05818e-16
6.66223e-27
1.06718e+24
0
-6.73026e-11
-2.23271e+23
5.65109
0
-4.45371e-34
1.70842e-28
2.45553e-08
0
-5.0458e-23
-0.00102975
9.6937e-07
0
4.94928e+08
7.40138e-31
4.10573e+32
0
4.94774e-27
2.4685e-35
9.07032e-08
0
-0
133.766
-8.44651e+29
0
7.03687e+15
2.13845e+09
1.16413e+09
0
0.00100708
-4.08285e+15
5.64302
0
-1.23599e-17
1.54557e-19
2.44659e-08
0
-8.10637e-23
4.66444e-33
9.70859e-07
0
2.39107e-25
-1.61896e-11
4.10017e+32
0
-368640
10000.6
9.06033e-08
0
6.31225e+19
1.15566e-23
-8.45794e+29
0
1.80277e+37
1.01896e+32
-8.40325e-20
0
-1.48619e+17
9.5005e-16
5.63688
0
-1.46549e-14
-1.72387e-08
2.44575e-08
0
6.64074e-19
-2.01329e-37
9.74453e-07
0
2.06887e-35
-0.0065579
4.1011e+32
0
1.45136e+14
-5.89763e+28
9.07455e-08
0
-7.53125
1.61596e+22
-8.46036e+29
0
3.47882e-11
7.38533e-06
-8.38645e-20
0
8.89046e-18
-4.97624e-34
5.62619
0
-8.70427e+26
-3.91401e+10
2.45051e-08
0
1.73642e-20
1.67254e-37
9.69764e-07
0
-2.86274e+27
-3.81526e-19
4.08887e+32
0
-2.64586e+16
-4.91557e+23
9.0644e-08
0
-3.02208e+33
6.51953e-37
-8.45696e+29
0
-6.49466e-25
156.367
-8.41763e-20
0
-3.16655e-25
-3.63983e+32
5.6288
0
-3.48166e-13
-6.86113e+29
2.4455e-08
0
-1.16827e+35
-1.972e-31
9.71938e-07
0
7.91825e+34
-505.266
4.09964e+32
0
-8.13639e+13
-4.83395e+24
9.06904e-08
0
-0.636719
nan
-8.46494e+29
0
-1.04031e-36
1.19132e-15
-8.41831e-20
0
4.41353e+17
0.00212435
5.65029
0
9.016e+13
7.48331e-22
2.4516e-08
0
-2.96187e+25
-2.5544e+32
9.73753e-07
0
1.73015e+07
-78282.5
4.09385e+32
0
4.76015e+24
-2.96911e+11
9.07504e-08
0
5.99041e-30
1.91438e-33
-8.45317e+29
0
-1.38927e+20
-1.3536e-07
-8.38731e-20
0
7.91825e+34
1.39635e+38
5.62765
0
2.19556e-32
-4.29216e+15
2.44894e-08
0
4.60903e+24
-8.33444e-38
9.70086e-07
0
-1.07091e+34
-2.60423e-24
4.10601e+32
0
-1.34605e-10
2.38713e-36
9.04946e-08
0
-4.15066e+13
-1.99701e+21
-1.31658e+16
0
-9.73079e+09
-1.32761e+20
-8.40987e-20
0
-3.03064e+38
4.0913e+32
5.64988
0
-2.42636e+29
-1.27607e+33
2.44847e-08
0
1.30655e-30
5.48813e+16
9.75343e-07
0
-26112
4.78947e+34
4.10551e+32
0
737280
-9.52286e+32
9.05482e-08
0
1.39631e+26
-0.000159383
-1.31666e+16
0
1.52296e+23
1.57521e-35
-8.42637e-20
0
-1.54619e+12
-664800
5.64361
0
5.05447e-05
-1.39727e-27
2.45547e-08
0
-2.74445e-33
1.18114e+17
9.72497e-07
0
1.86171e-28
-1.91814e-31
4.10117e+32
0
-1.51263e+21
8.49634e+15
9.06194e-08
0
3.32927e+23
3.9186e-06
-1.32172e+16
0
90624
7.27865e-20
-8.4233e-20
0
-3.20924e-17
3.10185e-26
5.63226
0
-1.74085e+27
2.07678e-26
2.45343e-08
0
-9.97364e+24
-2.77312e+32
9.75239e-07
0
2.59407e+19
-2.06768e+08
4.107e+32
0
-0
-7.4282e+29
9.0803e-08
0
-6.93508e-21
9.34134e-18
-1.31661e+16
0
3.20924e-16
-8.94174e+24
-8.3977e-20
0
4.44523e-18
2.82461e-13
5.62577
0
1.38412e+08
2.62723e+21
2.44944e-08
0
3.46667e-32
-533.333
9.70366e-07
0
1.10958e-10
-9.57701e-35
4.1017e+32
0
-1.73195e-14
4.70221e-08
9.06518e-08
0
-2.04006e+25
216156
-1.32292e+16
0
-1.61678e-06
1.22569e-08
-8.41465e-20
0
-0.00037384
-1.26855e-17
5.65337
0
-2.08291e+16
-2.19001e-12
2.45409e-08
0
4.55267e+11
8.37219e-37
9.7151e-07
0
-4.32538e+06
2.55455e+34
4.0923e+32
0
3.09307e+32
1.21481e+17
9.0776e-08
0
-2.7096e+31
0.000910992
-1.32135e+16
0
-5.62033e-38
-4.5075e+35
-8.42558e-20
0
2.68742e+32
0.442114
5.63226
0
2.35926e-33
2.22626e+24
2.45618e-08
0
7.91825e+34
-2.71465e+17
9.7159e-07
0
-0.492188
-1.16545e+27
4.08432e+32
0
-0.000282288
2.03702e+23
9.04698e-08
0
3.68238e-31
3.16718e+20
-1.3177e+16
0
2.55169e-20
-8.09031e-34
-8.41115e-20
0
-6.5081e-30
-0.00275621
5.62643
0
nan
-1.24794e-09
2.45465e-08
0
1.18174e+19
-2.39006e-30
9.72218e-07
0
7.95172e-28
-9.91194e+30
4.08786e+32
0
-1.35585e-30
-8.86176e+07
9.06418e-08
0
-1.31726e-05
3.26997e-18
-1.31779e+16
0
-7.5287e-16
7.62431e-33
-8.42414e-20
0
3.20924e-17
5.15825e-14
5.63751
0
2.7297e-23
-12.1961
2.45628e-08
0
-1.54617e-28
-42.7743
9.73626e-07
0
-1.02696e-15
1.48116e+15
4.10402e+32
0
1.15226e+24
-0.00558024
9.06925e-08
0
-1.199e-35
-1.73818e+17
-1.32007e+16
0
-8.35854e-32
-1.95699e+36
-8.41668e-20
0
-3.03064e+38
4.62161e-31
5.62673
0
-3.0625
3.01552e+26
2.44625e-08
0
-4.60442e-26
3.30691e+35
9.70477e-07
0
8.79169e-07
-2.2587e-35
4.09051e+32
0
2.11636e-16
-1.82069e+27
9.0458e-08
0
7.46251e+10
-0.030379
-1.3201e+16
0
-6.35707e-35
7.2653e+13
-8.41072e-20
0
-9.52912e-21
-6.15931e+06
5.63135
0
-1.42519e-32
-9.59592e-14
2.45053e-08
0
0.000156403
-3.16343e+06
9.70753e-07
0
-9.83629e+37
2.35138e+22
4.1002e+32
0
-7.3727e-35
1.39605e-08
9.04208e-08
0
6.43216e-21
1.61972e+33
-1.31884e+16
0
-9.28348e-19
2.01715e-28
-8.41404e-20
0
-7.0867e+10
2.95864e-13
5.65096
0
-5.29091e-17
2.93857e+20
2.44603e-08
0
3.72231e-23
-8.32638e+12
9.74641e-07
0
-0.000717163
1.32247e+34
4.0825e+32
0
-5.62626e+20
-1.96397e-18
9.05997e-08
0
-6.14018e+30
-9.12393e+24
-1.32159e+16
0
2.94095e+33
-3.3515e-34
-8.42156e-20
0
1.27926e+08
1.79371e-22
5.65259
0
-3.59995e-38
-1.19227e+28
2.44945e-08
0
7.97891e+25
-8.87449e-05
9.70699e-07
0
0.000930786
1.67039e+22
4.08877e+32
0
-2.7862e+23
-2.18902e+14
9.06155e-08
0
7.53362e-29
2.45758e+28
-1.32229e+16
0
3.27921e+25
-3815.16
-8.40248e-20
0
1.58328e-25
6.05945e-24
5.63743
0
-0.00137329
3.47779e+14
2.45126e-08
0
1.33307e+18
-3.70112e+26
9.7266e-07
0
7.38734e+11
-6.97049e-23
4.0867e+32
0
3.10331e-36
5.83858e-18
9.07386e-08
0
5.90068e-28
-9.29247e-13
-1.32072e+16
0
2.97308e+15
4.8463e+14
-8.42201e-20
0
-3.01755e-21
-1.41824e+16
5.63205
0
6.00267e-11
-4.85635e-17
2.45199e-08
0
-6.40731e+25
-1.06847e+12
9.72032e-07
0
1.71128e+09
-2.44631e-30
4.09127e+32
0
-7.19441e-28
-1.6149e-31
9.06534e-08
0
-4.81445e-25
-3.72902e-19
-1.31891e+16
0
-1.39794e-22
7.0728e+29
-8.39882e-20
0
-1.3414e+14
2.17317e-23
5.6353
0
-0.00323486
0.0998447
2.44728e-08
0
1.90232e+19
1.88871e+11
9.72747e-07
0
-3.48604e+31
-1.24024e-35
4.10513e+32
0
6.10046e-24
4.27057e-22
9.07572e-08
0
-4.96606e+09
2.26444e-20
-417855
0
-1.16997e-08
3.9996e+08
-8.41638e-20
0
-1.65341e-18
-1.06948e+38
5.65523
0
-6.30725e-24
-1.14077e-30
2.45239e-08
0
3.86542e-29
-6.40759e-27
9.71762e-07
0
6.875
1.92412e-35
4.10219e+32
0
-6.36056e+34
-1.85994e+09
9.04793e-08
0
5.86288e+30
0.797104
-418110
0
1.2282e-19
7.63665e-22
-8.40593e-20
0
-6.3331e-25
-8.6504e-21
5.64597
0
-8.7729e+37
-2.12025e-31
2.45057e-08
0
2.44419e+20
2.88239e-18
9.68694e-07
0
-5.70443e+31
-0.00477359
4.09685e+32
0
98
3.42387e-22
9.07829e-08
0
-4.61169e+19
1.17309e+17
-418942
0
1.82094e+25
-6.30085e+16
-8.41658e-20
0
-3.81905e+18
-6.00096e-36
5.62666
0
1.66021e+21
1.30775e+11
2.45345e-08
0
-3.04932e-19
-0.00143216
9.73599e-07
0
-7.73084e-29
1.30818e+31
4.10331e+32
0
1.95503e-05
4.70171e+35
9.06281e-08
0
-7.65023e+23
7.90648e-33
-418795
0
4.52612e+17
259308
-8.38802e-20
0
2.44813e+11
1.25645e+13
5.64723
0
1.54225e-35
7.37442e-27
2.44549e-08
0
-1.00289e-18
-1.70932e+08
9.75226e-07
0
5.92923e-20
1.74083e-13
4.096e+32
0
-3.31195e-26
-1.00502e-19
9.06219e-08
0
-2.73804e+10
2.12211e-12
-418484
0
1.06529e-37
5.65663e-33
-8.41739e-20
0
1.58328e-25
-4.16332e+13
5.65079
0
9.39854e-32
-62.0949
2.45502e-08
0
2.02146e-30
1.4714e-05
9.75169e-07
0
-20.5
6.37356e+24
4.08796e+32
0
151552
1.39271e+10
9.06389e-08
0
-4.69031e+31
4.72335e+14
-419459
0
-3.88195e-34
8.07279e+31
-8.38682e-20
0
3.24007e-12
-2.15127e-17
5.62545
0
5.1669e-20
7.70031e+27
2.44576e-08
0
-1.26565e-14
1.00319e-13
9.74627e-07
0
1.50377e-30
-1.35662e+08
4.09023e+32
0
-3.90313e-17
-3133.64
9.07275e-08
0
-1.26101e+18
-2.0992e+06
-418989
0
-2.8731e+08
1356.03
-8.41747e-20
0
0.00695801
-1.71654e-15
5.64338
0
-2.91371e+13
1.36481e-16
2.45053e-08
0
-1.10077e+36
3.70331e-13
9.7212e-07
0
1.24947e+38
737960
4.08348e+32
0
-5.28905e+24
338044
9.03559e-08
0
-6.23076e+36
5.00111e+19
-418746
0
1.25781
2.74756e-20
-8.38831e-20
0
-1.22407e+11
-1.67808e+25
5.64881
0
-3.24259e+18
1.28944e+28
2.45069e-08
0
-0.00100708
-3.77331e-34
9.7273e-07
0
-4.91814e+37
-4.56348e-14
4.09818e+32
0
2624
1.00302e-19
9.0366e-08
0
400
-2.9878e-19
-418911
0
1.55951e+26
-6.62037e+30
-8.40179e-20
0
-3.24259e+18
-9.37263e-08
5.63021
0
9.8956e+13
-6.77415e-09
2.45592e-08
0
-5.50293e+09
-2.40803e+31
9.69257e-07
0
-6.73026e-11
6.9929e-26
4.10139e+32
0
-3.01748e+27
-8.22897e+18
9.07769e-08
0
-1.30568e+32
-3284.41
-417798
0
2.61515e+28
3.87287e-11
-3.35833e-19
0
999424
-1.32496e-32
5.6292
0
-1.30655e-30
1.36409e-33
2.45587e-08
0
4.96919e+32
-7.32999e+18
9.70187e-07
0
8.49366e-07
-1.23055e+29
4.0858e+32
0
-5.0458e-23
-9.48255e+34
9.07654e-08
0
178176
-3.17847e-27
-419494
0
-1.08962e-17
7.01499e-15
-3.36099e-19
0
5.26133e+10
-1.84854e-17
5.64315
0
-6.49671e+30
8.39748e-11
2.45015e-08
0
-1.64417e+09
-8.90189e+17
9.75689e-07
0
1.11343e-34
-3.20006e+07
4.10384e+32
0
9.30931e+29
0.000206775
9.05668e-08
0
-2.52202e+18
0.0015671
-417910
0
5.66496e-18
2.38377e-11
-3.36024e-19
0
-1.46033e+34
-0.827905
5.63601
0
-1056
-1447.82
2.44985e-08
0
-122
1.56419e-17
9.74742e-07
0
2.60562e-23
-1.57238e+33
4.09278e+32
0
-2.29376e+06
-0.000204098
9.06947e-08
0
1.65168e-30
-45.358
-417866
0
-7.72453e-27
-15691
-3.36664e-19
0
2.10293e+21
5.16395e-08
5.63537
0
-3.69295e+17
-1.48156e+24
2.44988e-08
0
1.4798e+35
-7.2434e+19
9.68769e-07
0
-2.54788e-18
2.61231e+37
4.09907e+32
0
-7.83402e+12
-1.23999e-13
9.03827e-08
0
0.138672
8.5473e+26
-419354
0
-4.80287e+35
-1911.63
-3.35942e-19
0
-7.34261e-34
1.6037e+22
5.63838
0
2.91323e-13
-1.01914e+30
2.45097e-08
0
5.22906e+30
4.55423e+27
9.71461e-07
0
9.45396e+19
-5.32201e+35
4.10019e+32
0
-4.68958e-13
1.96301e-27
9.05619e-08
0
7.04992e-15
-1.135e-33
-418505
0
5.52505e+13
7.57878e-20
-3.36739e-19
0
2.6921e-10
-4.52842e+35
5.64845
0
5.06262e-14
-1.11434e-17
2.45286e-08
0
5.37484e+32
3331.84
9.6992e-07
0
3.10862e-14
3.0888e-11
4.08761e+32
0
2624
-3.64024e-36
9.04539e-08
0
3.91701e+12
2.30265e-25
1.73429e-07
0
9.43718e+07
-2.93476e+09
-419336
0
-9.06393e-17
7.10309e+30
-8.41275e-20
0
1.88294e-13
1.60663e-07
5.64735
0
-1.2219e-06
8.2745e+12
2.45559e-08
0
-1.19345e+17
-2.27597e-33
9.69215e-07
0
1.22125e-14
5.11637e+15
4.10264e+32
0
-2.62901e-13
-7.11534e+35
9.07619e-08
0
-7.82013e-05
-1.22521e-17
1.74064e-07
0
1.82769e+37
7.71511e-27
-419397
0
7.19403e-36
-2.13251e-10
-8.42484e-20
0
0.00805664
-7.4821e+06
5.64864
0
-4.71965e+27
1.365e-18
2.44836e-08
0
-303104
5.59976e+10
9.72118e-07
0
6.1389e-34
-5.20887e-36
4.10265e+32
0
132
-1.24154e+30
9.03482e-08
0
-1.12525e+21
-5.91504e+25
1.73957e-07
0
-1.42609e-09
557303
-419232
0
2.31207e+25
-7.47636e+29
-8.41159e-20
0
2.92067e+34
-2.55845e-30
5.65525
0
1.11826e+25
-1.62714e-25
2.45024e-08
0
2.08259e-28
-1.1293e-24
9.6969e-07
0
1.16366e+29
-1.6365e-32
4.08504e+32
0
-3.95517e-16
-9.81293e-10
9.04488e-08
0
-1.52325e+26
1.21667e+11
1.73773e-07
0
5.60831e-31
-1.62533e-33
-417984
0
nan
-1.19127e+20
-8.42203e-20
0
-7.58238e+27
7.12818e-28
5.64097
0
1.04581e+31
1.89202e-28
2.45487e-08
0
-6.80021e+24
0.0547163
9.71193e-07
0
2.77112e-13
4.35205e+11
4.084e+32
0
-6.80021e+24
-4.11134e+22
9.0624e-08
0
-976
-5.68479e-06
1.73775e-07
0
2816
-1.59013e-25
-419475
0
-1.36584e-20
5.96162e+35
-8.39268e-20
0
3.6713e-34
4.87924e-23
5.64009
0
-7.02579e-31
-2.79485e+32
2.44716e-08
0
-1.127e+13
-9.04352e-08
9.70564e-07
0
-23.5
1.23191e+32
4.08508e+32
0
1.98793e-28
-2.04389e+26
9.04189e-08
0
-1.08836e+21
4.73502e-11
1.73985e-07
0
-1.76705e-28
-2.7626e-09
-419180
0
-4.47339e-21
6.59999e-06
-8.42709e-20
0
-5.5127e+26
-2.21742e+21
5.64932
0
200704
2.88686e-19
2.45187e-08
0
-7.0867e+10
-4.79922e+12
9.70859e-07
0
9.44893e+11
-5.97774e+36
4.08223e+32
0
-1.2467e+24
-0.0285327
9.0476e-08
0
2.13258e-25
-769.191
1.73583e-07
0
4.2393e-24
194.456
-418400
0
-376832
-5.19421e+25
1.15966e+09
0
4.18096e-29
-6.19012e-26
5.64311
0
-3.35351e+13
-3.40158e+15
2.45391e-08
0
-7.32747e-15
-4.45479e-35
9.69129e-07
0
-nan
34124.3
4.08838e+32
0
-5.38421e-10
-5.64731e+31
9.04853e-08
0
1.08134e+06
2.10981e-17
1.73893e-07
0
-7.03687e+14
-3.88534e-19
-419441
0
2.99166e+32
205908
1.06255e+24
0
8.89192e+08
-1.36834e-09
5.63768
0
368640
-4.74506e+29
2.44881e-08
0
-1.24132e-35
4.97472e+16
9.75214e-07
0
2.50722e-19
-365.053
4.08579e+32
0
9.88767e+31
-3.20915e-09
9.0737e-08
0
3.7883e+37
-1.34815e+22
1.73996e-07
0
-2.45924e+32
-9.5449e+19
-417871
0
-3.83681e-35
-3.20209e-15
1.06676e+24
0
-3.07971e-27
-7.42366e+25
5.63169
0
0.828125
239.96
2.45014e-08
0
-3.52859e-05
1.39569e-14
9.74161e-07
0
-5.06806e+11
-2.55872e+08
4.10445e+32
0
-2.20117e+10
-1.78863e+38
9.0693e-08
0
1.71966e+08
-7.24882e+34
1.73288e-07
0
-2.84603e-19
-1.60699e+16
-419039
0
2.10649e-34
-13526.4
1.06492e+24
0
6.62391e-26
-9.29873e-15
5.65562
0
-37888
1.55383e+35
2.44953e-08
0
4.24683e-07
0.000424093
9.75421e-07
0
-1.15198e-36
-2.44699e-29
4.10055e+32
0
1.90582e-20
8.11141e+29
9.04611e-08
0
-2.62443e+29
1.14392e+20
1.74062e-07
0
-6.14673e-08
1.10411e-32
-419753
0
-9.16076e+28
-3.45221e+08
1.06708e+24
0
-5.45939e-23
0.00186349
5.63053
0
0.119141
1.18042e-36
2.45482e-08
0
1.78261e-10
5.07465e-34
9.69149e-07
0
-6.45636e+20
4.39217e-17
4.08425e+32
0
4.89626e+11
-8.11732e-15
9.04366e-08
0
-4.36819e+22
-1.57586e+32
1.74022e-07
0
1.64846e-12
1.07068e+37
-417975
0
-2.61692e+36
1.15376e+23
1.06504e+24
0
-1.48893e-22
-1.70977e+36
5.65027
0
-1.40516e-30
-0.0147297
2.45613e-08
0
1.86917e+13
-2.04393e+38
8.04529e-26
0
1.3182e-20
-5.99699e+36
-1.22873e-35
0
-3.73438
6.85515e+16
-10433
0
-5.58172e+35
-4.084e-31
8.43936e-21
0
1.07852e-30
-1.49592e-25
-10459.8
0
-219136
6.81101e-28
-0.295529
0
7.7307e-12
-1.8057e+08
-2.10715
0
2.07974e+29
3.75296e-23
-2.10636
0
0.000471115
1.76768e-28
-2.09708
0
157
11123.1
-5.4431e-29
0
-1.69605e-28
-1.25573e+25
-2.10375
0
-6.50754e-35
-183.998
-3.79941e-27
0
1.58727e-16
-3.54639e+09
-2.09894
0
1.79499e+33
1.78173e-07
-8.74896e-24
0
2.10938
-9.63403e-11
-2.09589
0
3.10014e-19
-1.16911e-31
-2.59001e-20
0
-2.73813e+33
-8.11881e+35
-2.09395
0
6.00703e-08
-5.94261e+10
-1.03753e-20
0
-6.98155e+25
2.22434e-09
-2.10839
0
2.27784e-29
-4.33286e-20
-2.10648
0
-1.92538e+20
-7.06818e+14
-2.10573
0
-9.18092e+13
127.171
-5.00533e-24
0
5.75185e-06
-3.80418e-06
-1.78848
0
1.42791e-10
-240.371
-1.21965e-22
0
-7.57018e-36
-4.69916e-23
-1.78782
0
-2.07692e+34
-7.48756e+15
-1.02774e-25
0
-57600
6.95033e+29
-1.78815
0
2.84818e+22
-1.03104e-13
-1.78161
0
1.17637e+38
3.72965e+14
-1.78454
0
4.28102e-13
-3.24021e-19
-1.78292
0
9.66368e+11
-4.45582e+08
-1.78225
0
1.04205e-25
-2.44988e-11
-1.788
0
4.79759e-18
-2.904e+14
-1.78308
0
-6.53015e+21
-4.35034e+23
-1.78311
0
-4.75131e+10
-1.1953e-22
-1.78731
0
1.78724e-26
-0.341486
-1.78624
0
-1.45023e-15
2.22688e+27
-1.78587
0
-3.93023e-18
11.7774
-1.78407
0
-1.19461e+29
7.80005e+22
-1.78275
0
-1.78011e+21
-116462
-1.78688
0
5.58514e-28
-5.6929e+26
-1.78139
0
-2.79257e-28
1.06007e-10
-1.78819
0
8.56204e-13
1.83129e-19
-1.78899
0
-2.04242e+23
4.81812e+37
-2.06001e+20
0
4.30961e+35
-1.94556e+27
-4.79024e-29
0
1.2326e-31
4.46168e-37
-5.29701e+18
0
-1.12186e-23
1.95932e+17
-1.51573e-06
0
1.10269e-05
1.23929e-29
-1.51822e-06
0
-2.88442e+38
1.59398e-13
-1.51558e-06
0
6.30742e-33
-2.11618e+18
-7.10883e-26
0
0.000583649
-1.14143e+15
-1.51256e-06
0
-1.87612e+33
-9.21333e-08
-1.51445e-06
0
-1.71925e+31
-42462.8
-1.51663e-06
0
3.79047e-20
0.19571
-7.19501e-26
0
-6.91673e-27
7.77945e-37
-1.51823e-06
0
3.42304e-35
0.00727961
-4.47959e+17
0
548864
4.29384e-27
-4.46528e+17
0
-1.12095e-34
-2.80103e+27
-1.95577e-22
0
-2.08291e+17
0.0429639
-1.51661e-06
0
1.0413e-27
-6.19611e+22
-3.60374e-16
0
1.58927e-35
3.27232e-32
-1.51303e-06
0
-3.69646e-24
1.16695e+26
-220618
0
-1.93113e-27
-1.825e+07
-1.51423e-06
0
-10.125
1.22645e-33
1.13126e-28
0
-2.49202e-10
28524.2
-1.5157e-06
0
-1.60288e-15
-3.27242e+06
-0.0893932
0
-1.54491e-26
5.39599e+28
-1.5194e-06
0
-4.48742e-32
1.09715e-06
-1.03721e-16
0
-2.01464e-05
1.23697e-19
-1.51433e-06
0
-6.4882e-24
4.44493e+21
-8.93794e-13
0
-5.39555e+10
-0.0214958
-1.51405e-06
0
-3.51281e+17
2.55427e+18
-1.35319e-11
0
-2.31899e-07
0.0111437
-1.51506e-06
0
-1.90406e+25
3.66664e-37
-2.56856e-11
0
-8.76091e+15
5.64151e+25
-1.51366e-06
0
-8.10648e+17
1.39232e+29
-4.80515e-10
0
-5.63364e+35
-9.90893e+35
-1.5169e-06
0
1.09139e-09
0.00149087
-2.88638e-09
0
4.2466e-15
-0.000597979
-1.51632e-06
0
-1.68021e-24
-2.6524e-22
-3.586e+24
0
4.16583e+17
7.12658e-35
-1.51827e-06
0
-4.97601e-25
-34.9838
-1.30085e+29
0
3.93484e-08
1.62177e-13
-1.51676e-06
0
1.18464e-06
-2.07784e+37
-7.832e+29
0
9.87189e+18
-3.28116e-22
-1.51425e-06
0
-7.17694e+19
-1.14199e+38
-1.5172e-06
0
-nan
30.2109
-9.09323e+33
0
5.71276e-12
-1.55575e+10
-1.51339e-06
0
-8.63998e+36
-6.52514e+36
-9.10047e+33
0
7.94569e+11
2.90455e+34
-1.51864e-06
0
-8.16025e+24
-19999.7
5.39273e+28
0
9.01375e+27
7.18566e+17
-1.51745e-06
0
-9.26442e-22
3.92425e+24
-1.61826e+22
0
-4.59511e-29
10.3462
-1.51414e-06
0
-2.04473e-27
1.7143e+34
2.29602e+27
0
3.74654e-34
1.21417e+35
-1.51727e-06
0
0
1.96895e-26
2.29613e+27
0
-1.37836e-06
2.53743e+33
-1.51817e-06
0
-1.0323e-31
9.39198e+18
2.22166e+26
0
-2.60386e-31
-137.481
-1.51659e-06
0
5.33627e+23
1.34959e+07
0.0235721
0
9.65566e-28
-2.32851e+09
-1.51949e-06
0
1.21333e+11
3.19684e+27
1.42125e+31
0
1.49788e+22
-6.86436e+18
-1.51695e-06
0
-4.23172e+35
3.70678e-35
5.3978e-21
0
7.59809e-16
-5.29705e+27
-1.5155e-06
0
-5.79688e-21
5.75206e+12
6.03662e-19
0
3.9125e+16
1.57309e+07
-1.51867e-06
0
-0.777344
-8.32588e-26
1.36869e+38
0
-1.69335e+19
-3.26767e+23
-1.51668e-06
0
-2.96864e-26
2.4431e+20
1.3164e-18
0
-1.85205e+22
-0.0328205
-1.51807e-06
0
-3.81842e-07
-2.25598e+26
7.39071e-19
0
-2.0032e+19
7.70478e-29
-1.51615e-06
0
-1.72662e-12
-2.37881e+30
3.00814e-19
0
-0.041748
-2.79503e+12
-1.51757e-06
0
6.68853e-25
87955.6
1.00958e-17
0
4.97157e+30
-6.61514e-32
-1.51303e-06
0
15.9375
-8.07544e-19
-3.57533e-38
0
1.10127e+31
1.61586e+16
-1.51394e-06
0
-4.81322e+16
1.91192e-28
-1.51427e-06
0
-1.1983e+23
1.53532e-34
-1.51841e-06
0
1.66474e-08
-8.80371e+21
6.03651e-19
0
1.97531e-12
1.37964e+29
-1.51504e-06
0
-1.23286e+17
-0.169782
-2.36273e+20
0
4.07696e-05
-2.18527e+38
-1.51934e-06
0
-2.40144e+35
-3.21908e-23
5.43611e-21
0
-1.05902e+27
-20.1919
-1.51545e-06
0
3.57756e-23
1.72792e-07
-1.69865e-35
0
-1.30023e+09
2.82377e+07
-1.51951e-06
0
6.72022e+15
-2.89939e+33
1.48351e+32
0
-5.76238e-31
-5.97033e-38
-1.51779e-06
0
-2.28767e-24
0.000105005
-1.78869e-13
0
-6.18731e-22
-1.01542e-16
-1.51475e-06
0
-8.72306e+36
3.40793e+26
-1.33063e-05
0
2.48974e-11
4.26717e-07
-1.51635e-06
0
2.36027e-27
2.53366e+09
-1.51658e-06
0
1.19603e+06
2.56997e+25
-0.00486357
0
5.35409e-32
-3.33518e+25
-1.51753e-06
0
7.20431e+34
2.39292e+20
-1.72043e+06
0
-4.6299e+29
5.5328
-1.51304e-06
0
-0.0378418
-3.74746e-12
-5.65921e+07
0
8.81017e+31
1.34967e-20
-1.51937e-06
0
3.02527e+21
1.81123e+11
-2.14593e+09
0
2.24133e+07
-4.79041e+32
-1.51355e-06
0
-310
1.03229e-24
-1.53698e+16
0
-2.61068e-05
4.95159e+21
-1.51413e-06
0
2.51575e-33
-5.33102e-14
-6.94274e+13
0
-2.41127e-16
2.01952e+07
-1.51883e-06
0
-3.63891e+18
-2.09862e+12
-1.35452e+13
0
3.72852e-38
1.97123
-1.51851e-06
0
-4.11687e-30
-1.39928e+24
-2.09913e+14
0
-1.71732e-38
1.10093e+10
-1.51274e-06
0
1.00499e-10
42083.9
-2.09523e+14
0
-6.27468e+09
4.30295e+16
-1.5151e-06
0
2.95698e+08
-4.39637e-37
-2.42335e+14
0
-2.28283e-10
-0.117137
-1.51344e-06
0
4.01901e-14
1.08535e-10
-2.41307e+14
0
7.73453e-31
218504
-1.5162e-06
0
-6.79142e+10
4.65541e+28
-4.21146e+26
0
9.64506e-16
63.8873
-1.51808e-06
0
-3.71195e+15
1.43704e+08
-1.18375e+17
0
-2.27752e-37
-6.17068e-07
-1.51468e-06
0
7.84917e-29
-2.06545e+08
-1.81416e+17
0
-3.4197e-09
2.25686e-33
-1.51593e-06
0
1.30385e-08
-1.5578e-31
-1.85161e+17
0
2.45412e+26
-6.57676e+13
-1.51675e-06
0
1072
-9.94626e+12
-1.84819e+17
0
-1.44355e-07
3.29324e-25
-1.51277e-06
0
-3.24393e-16
6.76143e-30
-1.51478e-06
0
9.40834e+29
6.79702e-13
-0.000813089
0
-13.6875
3.24141e+16
-1.51792e-06
0
1.22125e-14
-3.23181e+23
-54.4666
0
8.53162e+20
-9.48583e-17
-1.5173e-06
0
-5.74452e+10
6.02627e-06
-8.27234e+16
0
-2.66635e-28
2.03266e-37
-1.5177e-06
0
2.11852e-33
3.20356e-24
-8.23826e+16
0
4.27957e-29
-6.37775e-37
-1.51878e-06
0
1.40508e-38
7.85939e+17
-1.51499e-06
0
-3.25482e-32
-1.00999e-27
-1.51532e-06
0
249
2.54852e+23
-1.51967e-06
0
-4.80327e-12
-4.68683e+27
-1.51572e-06
0
2.46598e+30
2.67852e+31
-1.51922e-06
0
-3.68334e-33
1649.87
-4.37861e-11
0
-1.95876e-20
-1.99168e+30
-4.37284e-11
0
1.26362e-05
-6.69539e+28
-4.14295e+08
0
3.34341e-31
-1.92053e+36
-4.37411e-11
0
9.5953e-23
-1.11211e-28
-0.616027
0
-2.00116e-34
-1.85129e+24
-6.22104e-37
0
8.7777e-16
-1.60284e-15
-6.22622e-37
0
5.09233e-24
2.21101e-32
-6.20983e-37
0
-1.52269e-33
1.94525e-08
-6.22183e-37
0
3.42662e+30
-6.95255e+09
-6.22638e-37
0
-2.27596e-14
-6.22624e-18
-6.21478e-37
0
-1.46423e+36
3.07342e+30
-6.20875e-37
0
1.44199e-17
7.3493e-19
-6.22326e-37
0
-5.08446e-31
-13349.9
-6.21912e-37
0
-8.93694e+31
-3.21874e+18
-6.22851e-37
0
3.82181e-18
-3.03556e+20
-6.20319e-37
0
-2.62371e-24
3.92405e-28
-2253.26
0
9.18283e-31
-1.9745e+23
-6.22347e-37
0
2.28492e+12
-3.43622e+17
-6.20662e-37
0
0.000965118
9.26492e+30
-6.20725e-37
0
139
-17068
-0.34578
0
-4.49134e+35
-2.11066e+23
-6.2235e-37
0
-3.30511e+09
6.21569e-28
-6.20261e-37
0
-4.07454e-10
-9.06065e-35
-2.40234e+06
0
9.60496e+08
-8.6296e+22
-6.22436e-37
0
-7.88407e-25
3.68106e+14
-1.86626e-11
0
4.56908e-27
2.24939e-32
-6.20253e-37
0
3.65192e+28
-6.64434e+27
-0.000119862
0
-4.15615e+14
-1.43007e-10
-6.2118e-37
0
3.74819e+34
-1.34684e-18
-114.85
0
1.10479e+16
5.00948e+19
-6.21398e-37
0
-8.23872e-22
8.876e-31
-114.572
0
-1.95297e+07
1.4725e-35
-6.21063e-37
0
12288
-2.32109e-06
-9.30457e-23
0
1.06382e-36
2.61437e-35
-6.22716e-37
0
-3.48643e+21
0.000356343
-6.21783e-37
0
-62208
2.52483e-05
-8.89762e-23
0
1.40075e+32
-1.92929e-15
-6.21684e-37
0
-6.49399e+12
4.42512e+35
-6.22396e-37
0
-5.87379e+34
-5.50184e+12
-6.20577e-37
0
-5.94475e+18
-3.53252e-24
-6.21293e-37
0
9.25349e-35
-2.50445e-32
-6.09648e-32
0
5.82327e+30
2.5018e+09
-2.60614e-36
0
-8.47033e-21
1.75368e+11
1.42213e+29
0
9.27501e-20
2.54389e-30
-2.60858e-36
0
1.07836e+27
-2.27299e-15
8.36891e+28
0
1.96509e-14
1.11257e+21
-2.77655e-34
0
3.73834e+14
1.67741e+32
5.6439e+31
0
4.15052e+21
-1515.93
-2.7688e-34
0
5.34363e+14
3.75224e-28
2.07392e+32
0
-6.98226e-17
-2.42063e-15
-2.7795e-34
0
-4.64051e+19
-9.57899e+34
-2.76931e-34
0
6.91414e-05
-7.7199e+06
-2.76921e-34
0
-6.0827e-09
-1.52006e-13
-2.77775e-34
0
-107008
-1.85183e-23
-2.78248e-34
0
7.6233e-19
-3.46985e-28
-2.77225e-34
0
3.76129e-27
37.0247
2.12668e+33
0
2.10942e-15
5.74888e-36
-4.96445e-34
0
5.16509e+20
-2.36345e+25
-4.94147e-34
0
193
1.87482e+33
1.40328e+37
0
1.67633e-30
2.70673e-19
-4.94007e-34
0
-1.02542e+11
3.37594e+29
-1.49819e-30
0
1.02315e-34
6.68493e-29
-4.95403e-34
0
-7.37112e-27
1.81004e-17
1.25545e+33
0
-9.54204e+07
2.82873e+07
-4.97784e-34
0
2.86482e-33
-2.66053e+26
-4.97152e-34
0
4.46411e+21
7.4348e-09
2.46242e+33
0
1.11401e+10
-5.05131e-11
-4.98822e-34
0
-1.68085e-05
9.42134e-11
-6.21679e-37
0
-2.14873e-25
-5.6592e+10
-6.21523e-37
0
1.27651e+22
9.58063e+13
-114.717
0
-3.77964e-33
9.13941e-25
-6.20401e-37
0
-2.0181e+33
-6.90823e-09
-98.5053
0
-2.89614e+21
-5.14863e+32
-6.20355e-37
0
-1.43263e-37
3.59581e+19
-3.28684e-36
0
8.38563e-20
4.74047e-32
-2.75476e-09
0
8.07045e+19
3.24302e+25
-9.24516e-35
0
7.54952e-14
-5.80272e-37
-2.7665e-08
0
3.28225e-20
-8.52067e-20
-6.04368e-33
0
1.23753e-29
-3.43524e+12
-6.04604e-33
0
569344
4.34882e+29
-6.0541e-33
0
7.74275e+37
2.46343e-05
-4.76988e-09
0
5.09899e-08
-7.35714e-06
-6.06502e-33
0
0
0
0
0
0
-8.44348e+24
0
-8.44348e+24
0
9.31196e-38
0
9.31196e-38
0
0
0
0
0
0
0
0
0
0
0
0
0
0
0
0
0
0
0
0
0
0
0
0
0
0
0
0
0
0
0
0
0
0
0
0
0
0
0
0
0
0
0
0
0
0
0
0
0
0
0
0
0
0
0
0
0
0
0
0
0
0
0
0
0
0
0
0
0
0
0
0
0
0
0
0
0
0
0
0
0
0
0
0
0
0
0
0
0
0
0
0
0
0
0
0
0
0
0
0
0
0
0
0
0
0
0
0
0
0
0
0
0
0
0
0
0
0
0
0
0
0
0
0
0
0
0
0
0
0
0
0
0
0
0
0
0
0
0
0
0
0
0
0
0
0
0
0
0
0
0
0
0
0
0
0
0
0
0
0
0
0
0
0
0
0
0
0
0
0
0
0
0
0
0
0
0
0
0
0
0
0
0
0
0
0
0
0
0
0
0
0
0
0
0
0
0
0
0
0
0
0
0
0
0
0
0
0
0
0
0
0
0
0
0
0
0
0
0
0
0
0
0
0
0
0
0
0
0
0
0
0
0
0
0
0
0
0
0
0
0
0
0
0
0
0
0
0
0
0
0
0
0
0
0
0
0
0
0
0
0
0
0
0
0
0
0
0
0
0
0
0
0
0
0
0
0
0
0
0
0
0
0
0
0
0
0
0
0
0
0
0
0
0
0
0
0
0
0
0
0
0
0
0
0
0
0
0
0
0
0
0
0
0
0
0
0
0
0
0
0
0
0
0
0
0
0
0
0
0
0
0
0
0
0
0
0
0
0
0
0
0
0
0
0
0
0
0
0
0
0
0
0
0
0
0
0
0
0
0
0
0
0
0
0
0
0
0
0
0
0
0
0
0
0
0
0
0
0
0
0
0
0
0
0
0
0
0
0
0
0
0
0
0
0
0
0
0
0
0
0
0
0
0
0
0
0
0
0
0
0
0
0
0
0
0
0
0
0
0
0
0
0
0
0
0
0
0
0
0
0
0
0
0
0
0
0
0
0
0
0
0
0
0
0
0
0
0
0
0
0
0
0
0
0
0
0
0
0
0
0
0
0
0
0
0
0
0
0
0
0
0
0
0
0
0
0
0
0
0
0
0
0
0
0
0
0
0
0
0
0
0
0
0
0
0
0
0
0
0
0
0
0
0
0
0
0
0
0
0
0
0
0
0
0
0
0
0
0
0
0
0
0
0
0
0
0
0
0
0
0
0
0
0
0
0
0
0
0
0
0
0
0
0
0
0
0
0
0
0
0
0
0
0
0
0
0
0
0
0
0
0
0
0
0
0
0
0
0
0
0
0
0
0
0
0
0
0
0
0
0
0
0
0
0
0
0
0
0
0
0
0
0
0
0
0
0
0
0
0
0
0
0
0
0
0
0
0
0
0
0
0
0
0
0
0
0
0
0
0
0
0
0
0
0
0
0
0
0
0
0
0
0
0
0
0
0
0
0
0
0
0
0
0
0
0
0
0
0
0
0
0
0
0
0
0
0
0
0
0
0
0
0
0
0
0
0
0
0
0
0
0
0
0
0
0
0
0
0
0
0
0
0
0
0
0
0
0
0
0
0
0
0
0
0
0
0
0
0
0
0
0
0
0
0
0
0
0
0
0
0
0
0
0
0
0
0
0
0
0
0
0
0
0
0
0
0
0
0
0
0
0
0
0
0
0
0
0
0
0
0
0
0
0
0
0
0
0
0
0
0
0
0
0
0
0
0
0
0
0
0
0
0
0
0
0
0
0
0
0
0
0
0
0
0
0
0
0
0
0
0
0
0
0
0
0
0
0
0
0
0
0
0
0
0
0
0
0
0
0
0
0
0
0
0
0
0
0
0
0
0
0
0
0
0
0
0
0
0
0
0
0
0
0
0
0
0
0
0
