-9999
-4998.25
2.50987
-9999
-9999
-9999
7.83673
8.63673
9.43673
10.2367
9.97398
-9999
0
2.74949
-9999
5.90536
6.70536
7.50536
8.30536
9.10536
9.90536
9.97398
2.43952
2.34476
3.24899
4.77399
5.57399
6.37399
7.17399
7.97399
8.77399
9.57399
9.97398
-9999
-9999
-9999
-9999
5.90536
6.70536
7.50536
8.50536
9.3882
9.90536
9.97398
15.1681
14.8367
14.871
-9999
-9999
-9999
7.83673
8.63673
9.43673
10.2367
9.97398
14.4367
14.0367
14.071
14.3539
13.9054
-9999
-9999
-9999
9.7681
10.374
9.97398
14.471
13.871
13.471
13.3539
13.1054
13.1196
12.7196
-9999
-9999
-9999
9.97398
14.7054
13.9054
13.3054
12.9054
12.5054
12.3882
11.9882
11.5882
11.174
10.374
9.97398
14.9539
14.1539
13.7397
12.9397
12.3397
11.9397
11.5397
11.1397
10.7397
10.374
9.97398
15.2852
14.7882
13.9882
13.1882
12.7882
12.3882
11.974
11.174
10.574
10.174
9.97398
15.9196
-9999
14.3196
13.9196
13.5196
13.0225
12.2225
11.4225
11.0225
10.374
9.97398
