-9999
-9999
1.41421
-9999
-9999
-9999
6.94442
7.74442
8.54442
9.34442
-9999
1
0
1.725
-9999
5.01305
5.81305
6.61305
7.41305
8.21305
9.01305
9.08168
2.43952
1.725
2.43952
3.88168
4.68168
5.48168
6.28168
7.08168
7.88168
8.68168
9.08168
-9999
-9999
-9999
-9999
5.01305
5.81305
6.61305
7.61305
8.49589
9.01305
9.08168
14.2758
13.9444
13.9787
-9999
-9999
-9999
6.94442
7.74442
8.54442
9.34442
9.08168
13.5444
13.1444
13.1787
13.4616
13.013
-9999
-9999
-9999
8.87579
9.48168
9.08168
13.5787
12.9787
12.5787
12.4616
12.213
12.2273
11.8273
-9999
-9999
-9999
9.08168
13.813
13.013
12.413
12.013
11.613
11.4959
11.0959
10.6959
10.2817
9.48168
9.08168
14.0616
13.2616
12.8474
12.0474
11.4474
11.0474
10.6474
10.2474
9.84736
9.48168
9.08168
14.3929
13.8959
13.0959
12.2959
11.8959
11.4959
11.0817
10.2817
9.68168
9.28168
9.08168
15.0273
14.2273
13.4273
13.0273
12.6273
12.1302
11.3302
10.5302
10.1302
9.48168
9.08168
