-9999
-9999
-9999
1.41421
2.93921
5.18921
7.16972
6.94442
7.74442
8.54442
9.34442
10.1444
10.9444
11.7444
12.5444
13.3444
14.1444
14.9444
15.7444
16.5444
17.3444
18.3444
19.2273
18.453
17.253
16.653
-9999
1
0
1.725
3.57089
5.01305
5.81305
6.61305
7.41305
8.21305
9.01305
9.81305
10.613
11.413
12.213
13.013
13.813
14.613
15.413
16.213
17.013
17.813
18.813
18.453
17.253
16.653
4.68952
2.43952
1.725
2.43952
3.88168
4.68168
5.48168
6.28168
7.08168
7.88168
8.68168
9.48168
10.2817
11.0817
11.8817
12.6817
13.4817
14.2817
15.0817
15.8817
16.6817
17.4817
18.2817
17.853
17.053
16.653
4.59619
4.68952
3.975
4.68952
5.40668
5.01305
5.81305
6.61305
7.61305
8.49589
9.01305
9.81305
10.613
11.413
12.213
13.013
13.813
14.613
15.413
16.213
17.738
17.813
17.853
17.853
17.053
16.653
5.19619
5.99619
5.7
6.13168
7.16972
6.53805
7.16972
6.94442
7.74442
8.54442
9.34442
10.1444
10.9444
11.7444
12.5444
13.3444
14.1444
14.9444
15.7444
17.2694
17.4609
17.0673
17.053
17.3016
17.053
16.653
5.59619
5.76188
6.16188
6.76188
7.54589
8.06305
9.10109
8.46942
9.10109
8.87579
9.67579
10.4758
11.2758
12.0758
13.6008
14.7011
15.5011
16.2467
16.4952
16.4124
15.9359
16.2673
16.253
16.5016
16.6187
16.653
6.19619
6.36188
6.32756
6.72756
7.32756
8.12756
8.54178
9.34178
10.8668
10.4008
11.0325
11.8325
12.6325
13.4325
14.2325
13.9359
14.3359
14.7217
14.9702
14.8874
15.1359
15.5359
15.653
16.053
16.453
16.653
6.99619
7.16188
6.92756
6.89325
7.29325
7.69325
8.29325
9.09325
9.50746
9.90746
10.3075
11.1075
11.9075
12.4045
12.8045
13.2045
14.0045
13.9217
14.1702
14.2874
14.6874
15.0874
15.4874
16.0874
16.8874
16.653
7.79619
7.96188
7.72756
7.49325
7.74178
7.85894
8.25893
8.65893
9.05893
9.45893
10.0589
10.8589
11.2731
11.6731
12.0731
12.8731
13.2045
13.3217
13.7217
14.1217
14.7217
15.5217
15.9359
16.3359
17.053
16.653
8.59619
8.76188
8.52757
8.29325
8.54178
8.45894
8.70746
9.10746
9.50746
9.62462
10.0246
10.4246
10.8246
11.2246
11.8246
12.356
12.756
13.156
13.756
14.556
14.9702
15.7702
16.5702
17.3359
17.053
16.653
9.39619
9.56188
9.32757
9.09325
9.34178
9.25894
9.50746
9.83883
10.2388
10.2246
10.4731
10.8731
11.2731
11.3903
11.7903
12.1903
12.7903
13.5903
14.0045
14.8045
15.6045
16.1016
16.9016
17.9016
-9999
16.653
10.1962
10.3619
10.1276
9.89325
10.1418
10.0589
10.3075
10.6388
10.9702
11.0246
11.2731
11.6045
12.0045
11.9903
12.2388
12.6388
13.0388
13.8388
14.6388
15.1359
15.9359
16.7359
17.2329
18.0329
-9999
16.653
10.9962
11.1619
10.9276
10.6933
10.9418
10.8589
11.8325
12.1638
11.7702
11.8246
12.0731
12.4045
12.7359
12.7903
13.0388
13.3702
13.7702
14.1702
15.1702
15.7702
16.2673
17.0673
17.8673
-9999
-9999
16.653
11.7962
11.9619
11.7276
11.4933
11.7418
12.3839
13.0156
12.9016
12.5702
12.6246
12.8731
13.2045
13.5359
13.5903
13.8388
14.1702
14.5016
14.9016
15.5844
-9999
-9999
-9999
-9999
-9999
17.053
16.653
12.5962
12.7619
12.5276
12.2933
13.2668
13.8985
14.0329
13.7016
13.3702
13.4246
13.6731
14.0045
14.3359
14.3903
14.6388
14.9702
15.3016
-9999
-9999
-9999
20.253
19.453
18.653
17.853
17.053
16.653
13.3962
13.5619
14.0526
13.8183
14.4499
15.1643
14.8329
14.5016
14.1702
14.2246
14.4731
14.8045
15.1359
15.1903
15.4388
15.7702
-9999
-9999
21.853
21.053
20.253
19.453
18.653
17.853
17.053
16.653
14.1962
15.0869
15.7186
15.3433
15.9749
15.9643
15.6329
15.3016
14.9702
15.0246
15.2731
15.6045
15.9359
15.9903
16.2388
16.5702
16.9016
-9999
21.853
21.053
20.253
19.453
18.653
17.853
17.053
16.653
15.7212
16.3529
16.4746
16.1432
16.4746
16.7643
16.4329
16.1016
15.7702
15.8246
16.0731
16.4045
16.7359
16.9903
17.0388
17.3702
-9999
-9999
21.853
21.053
20.253
19.453
18.653
17.853
17.053
16.653
17.9712
17.606
17.2746
16.9432
17.2746
17.5643
17.2329
16.9016
16.5702
16.6246
16.8731
17.2045
17.5359
18.1501
17.8388
-9999
-9999
22.653
21.853
21.053
20.253
19.453
18.653
17.853
17.053
16.653
18.7374
18.406
18.0746
17.7432
18.0746
18.3643
18.0329
17.7016
17.3702
17.4246
17.6731
18.0045
-9999
-9999
-9999
-9999
23.453
22.653
21.853
21.053
20.253
19.453
18.653
17.853
17.053
16.653
19.5374
19.206
18.8746
18.5432
18.8746
19.1643
18.8329
18.7016
18.3702
18.2246
18.4731
-9999
-9999
25.853
25.053
24.253
23.453
22.653
21.853
21.053
20.253
19.453
18.653
17.853
17.053
16.653
20.3374
20.006
19.6746
19.3432
19.6746
19.9643
19.6329
-9999
-9999
-9999
-9999
-9999
26.853
25.853
25.053
24.253
23.453
22.653
21.853
21.053
20.253
19.453
18.653
17.853
17.053
16.653
21.1374
20.806
20.4746
20.1432
20.6746
20.7643
-9999
-9999
30.1844
29.3844
28.5844
27.653
26.653
25.853
25.053
24.253
23.453
22.653
21.853
21.053
20.253
19.453
18.653
17.853
17.053
16.653
21.9374
21.606
21.2746
20.9432
21.2746
-9999
-9999
30.653
29.853
29.053
28.253
27.453
26.653
25.853
25.053
24.253
23.453
22.653
21.853
21.053
20.253
19.453
18.653
17.853
17.053
16.653
22.7374
22.406
22.0746
21.7432
22.0746
-9999
32.053
30.853
29.853
29.053
28.253
27.453
26.653
25.853
25.053
24.253
23.453
22.653
21.853
21.053
20.253
19.453
18.653
17.853
17.053
16.653
23.5374
23.206
22.8746
22.5432
22.8746
-9999
32.053
30.853
29.853
29.053
28.253
27.453
26.653
25.853
25.053
24.253
23.453
22.653
21.853
21.053
20.253
19.453
18.653
17.853
17.053
16.653
