inf
inf
inf
inf
-0.00321327
inf
inf
inf
inf
inf
inf
inf
inf
inf
inf
inf
inf
inf
inf
inf
inf
inf
inf
inf
inf
10
-0.00020002
-0.000282894
-0.000565883
-0.00080079
-0.00160374
1.31148
2.5
2.5
2.5
2.5
2.5
2.5
2.5
2.5
2.5
2.5
2.5
2.5
2.5
2.5
2.5
2.5
1.66667
1.66667
2.5
10
-0.00020002
0.888889
0.888889
0.888889
2.5
2.5
2.5
2.5
2.5
2.5
2.5
2.5
2.5
2.5
2.5
2.5
2.5
2.5
2.5
2.5
2.5
2.5
2.5
2.5
3.8409
10
inf
inf
inf
inf
inf
inf
inf
inf
inf
inf
inf
inf
inf
inf
inf
inf
inf
inf
inf
inf
inf
inf
inf
inf
inf
10
3.33333
1.66667
1.66667
2
1.31148
1.31148
1.31148
2.5
2.5
2.5
2.5
2.5
2.5
2.5
2.5
2.5
2.5
2.5
2.5
1.31148
1.31148
2.5
2.5
2.5
3.33333
10
3.33333
5
5
3.33333
2.5
2.5
1.31148
1.31148
1.31148
1.46479
1.46479
1.46479
1.46479
1.31148
1.31148
1.31148
1.31148
1.31148
1.31148
1.31148
2.5
3.33333
3.33333
3.33333
6.59994
10
inf
inf
inf
inf
inf
inf
inf
inf
inf
inf
inf
inf
inf
inf
inf
inf
inf
inf
inf
inf
inf
inf
inf
inf
inf
10
2.5
3.33333
3.33333
5
5
3.33333
2.5
2.5
2.5
2
2
1.42857
1.42857
1.42857
2.5
2.5
2.5
2.5
2.5
3.33333
3.33333
5
5
3.33333
3.33333
10
2.5
2.5
2.5
2.5
2.5
3.33333
3.33333
3.33333
5
5
3.33333
3.33333
3.33333
3.33333
3.33333
3.33333
3.33333
5
5
3.33333
2.5
2.5
2.5
2.5
3.33333
10
inf
inf
inf
inf
inf
inf
inf
inf
inf
inf
inf
inf
inf
inf
inf
inf
inf
inf
inf
inf
inf
inf
inf
inf
inf
10
2.5
2.5
2.5
2.5
2.5
2.5
2.5
2.5
3.33333
3.33333
3.33333
3.33333
3.33333
5
5
5
3.33333
3.33333
3.33333
2.5
2.5
2.5
2.5
2
4e-06
10
2.5
2.5
2.5
2.5
2.5
2.5
2.5
2.5
2.5
2.5
2.5
2.5
2.5
2.5
2.5
2.5
2.5
2.5
2.5
2.5
2.5
2.5
2.5
2.5
3.39912e-06
10
inf
inf
inf
inf
inf
inf
inf
inf
inf
inf
inf
inf
inf
inf
inf
inf
inf
inf
inf
inf
inf
inf
inf
inf
inf
10
2.5
2.5
2.5
2.5
2.5
1.31148
1.31148
2.5
2.5
2.5
2.5
2.5
2.5
2.5
2.5
2.5
2.5
2.5
2
4e-06
2.82843e-06
2.82843e-06
2.34315e-06
1.94113e-06
3.33333
10
2.5
1.31148
2.5
1.31148
1.31148
1.31148
2.5
2.5
2.5
2.5
2.5
2.5
1.53304
2.5
2.5
2.5
2.5
2.0828e-06
2.17428e-06
4e-06
2.5
2.5
2.5
2.5
3.8409
10
inf
inf
inf
inf
inf
inf
inf
inf
inf
inf
inf
2.5
1.25
2.5
inf
inf
inf
inf
inf
inf
inf
inf
inf
inf
inf
10
2.5
1.18295
1.31148
1.31148
2.5
2.5
2.5
2.5
2.5
2.5
2.5
2.5
1.25
2.5
2.5
2.5
2.5
2.40354e-06
2.5
2.5
2.5
2.5
2.5
2.5
3.33333
10
1.31148
1.31148
2.5
2.5
2.5
2.5
2.5
2.5
2.5
2.5
2.5
1.25
1.25
2
1.25
2.5
2.12328e-06
3.8307e-06
2.5
2.5
2.5
2.5
2.5
2.5
3.8409
10
inf
inf
inf
inf
inf
inf
inf
inf
inf
inf
2.5
1.25
1
2
inf
inf
inf
inf
inf
inf
inf
inf
inf
inf
inf
10
2.5
2.5
2.5
2.5
2.5
2.5
2.5
2.5
2.5
2.5
2.5
1.25
-0.00020002
2.82843e-06
2.34315e-06
1.94113e-06
2.5
2.5
2.5
2.5
2.5
2.5
2.5
2.5
3.33333
10
2.5
2.5
2.5
2.5
2.5
2.5
2.5
2
1.11111
1.25
1.25
-0.00020002
-0.00020002
2.5
2.5
2.5
2.5
2.5
2.5
2.5
2.5
2.5
2.5
2.5
3.8409
10
inf
inf
inf
inf
inf
inf
inf
inf
inf
inf
3.2e-06
-0.00020002
1.11111
2.5
inf
inf
inf
inf
inf
inf
inf
inf
inf
inf
inf
10
2.5
2.5
2.5
2.5
2
2.5
1.88562e-06
1.94113e-06
1.25
1.25
1.25
1.11111
1.25
2.5
2.5
2.5
2.5
2.5
2.5
2.5
2.5
2.5
2.5
2.5
3.33333
10
2.5
2.5
2.5
2.5
2.5
2.13186e-06
3.53175e-06
2.5
2.5
2.5
2.5
1.25
1.25
2.5
2.5
2.5
2.5
2.5
2.5
2.5
2.5
2.5
2.5
2.5
3.33333
10
inf
inf
inf
inf
inf
inf
inf
inf
inf
inf
2.5
-0.00020002
1.25
2.5
inf
inf
inf
inf
inf
inf
inf
inf
inf
inf
3.33333
10
2.5
2.5
2.5
2.5
2.5
-0.00020002
1.66667
2
2
2.5
2.5
-0.00020002
1.25
2.5
2.5
2.5
2.5
2.5
2.5
2.5
2.5
2.5
2.5
2.5
3.33333
10
