inf
inf
inf
inf
inf
inf
inf
inf
inf
inf
2.5
1.25
0.833333
0.625
0.5
0.625
0.833333
1.25
2.5
inf
inf
inf
inf
1.66667
0.909091
1.25
-0.00020002
-0.000282894
-0.000565883
-0.00080079
-0.00160374
1.31148
2.5
2.5
2.5
2.5
2.5
1.25
0.833333
0.625
0.5
0.625
0.833333
1.25
2.5
2.5
2.5
2.5
1.66667
1.66667
0.909091
1.25
-0.00020002
0.792079
0.529801
0.529801
0.860215
1.25
1.25
1.25
1.25
1.25
1.25
1.25
0.833333
0.625
0.5
0.625
0.833333
1.25
1.25
1.25
1.25
1.25
1.25
1.25
1.25
1.25
2
1.15942
1.31148
1.15942
1.31148
1.31148
2.5
2.5
2
2
1.25
0.833333
0.833333
0.625
0.5
0.625
0.833333
0.860215
1.31148
1.31148
1.31148
1.85698
2.5
2.5
1.25
1.25
inf
inf
inf
inf
inf
inf
inf
inf
inf
2.5
1.25
0.833333
0.625
0.625
0.5
0.625
0.64
0.860215
1.31148
inf
inf
inf
inf
2.5
1.25
1.25
5
3.53553
3.33333
2.2347
2
1.31148
1.31148
0.927353
1.31148
2.5
1.25
0.833333
0.625
0.5
0.601504
0.683761
0.683761
0.792079
0.888889
0.888889
2.5
1.76777
2.5
2.5
1.42857
1.25
2
2
2.07107
2.5
2
2
2
1.42857
0.941176
0.941176
0.941176
0.792079
0.601504
0.536913
0.601504
1.11111
1.42857
1.42857
2
2
2
2
2
2
1.42857
1.25
2.5
2.5
2.5
3.33333
5
5
3.33333
3.33333
3.33333
3.33333
2
1.11111
0.909091
0.769231
0.909091
1.11111
2
3.33333
3.33333
5
5
3.33333
3.33333
2.5
1.25
1.25
inf
inf
inf
inf
inf
inf
inf
inf
inf
5
2
1.42857
1.11111
0.909091
1.11111
1.42857
2
5
inf
inf
inf
inf
inf
2.5
1.25
1.25
2.5
2.5
2.5
2.5
3.33333
3.33333
3.33333
3.33333
3.33333
5
2.5
1.66667
1.25
1
1.11111
1.66667
2.5
5
3.33333
3.33333
3.33333
2.5
2.5
2
1.25
1.25
1.25
1.25
1.25
1.42857
1.42857
1.42857
1.42857
1.42857
2
2
2
1.42857
1.11111
1
1.25
1.66667
2
2
2
1.42857
1.42857
1.42857
1.25
1.11111
-0.00020002
1.25
2.5
2.5
2.5
2.5
2.5
2.5
2.5
2.5
1.85698
2.5
1.25
1.11111
0.909091
0.909091
1.11111
1.11111
1.11111
2
2.5
2.5
2.5
1.25
2.5
2.5
-0.00020002
1.25
inf
inf
inf
inf
inf
inf
inf
inf
inf
2.5
1.25
0.833333
0.769231
0.769231
0.769231
0.769231
1.11111
2
inf
inf
inf
inf
inf
1.73111e-06
-0.00020002
1.25
2.5
2.5
2.5
2.5
2.5
1.31148
1.31148
1.31148
1.63665
2.5
1.25
0.833333
0.625
0.588235
0.588235
0.769231
1.11111
2
2
4e-06
2.82843e-06
2.82843e-06
2.34315e-06
1.52595e-06
1
1.25
1.25
1.25
1.25
1.25
0.860215
0.860215
1.25
1.25
1.25
1.25
1.25
0.833333
0.625
0.5
0.588235
0.769231
1.11111
-0.00020002
-0.00020002
-0.00020002
1.25
1.25
1.25
1.25
1.25
1.25
1.31148
1.31148
1.31148
1.31148
1.31148
2.5
2.5
2.5
2.5
2.5
1.25
0.833333
0.625
0.5
0.588235
0.769231
-0.00020002
2.65258e-06
2.5
2.5
2.5
2.5
2.5
2.5
1.25
1.25
inf
inf
inf
inf
inf
inf
inf
inf
inf
2.5
1.25
0.833333
0.625
0.5
0.588235
0.588235
0.588235
4e-06
inf
inf
inf
inf
inf
2.5
1.25
1.25
1.31148
0.888889
2.5
2.5
2.5
2.5
2.5
2.5
2.5
2.5
1.25
0.833333
0.625
0.476191
0.476191
0.476191
-0.00020002
1.88562e-06
2.5
2.5
2.5
2.5
2.5
2.5
1.25
1.25
0.860215
1.25
1.25
1.25
1.25
1.25
1.25
1.25
1.25
1.25
1.25
0.833333
0.625
0.476191
0.4
-0.00020002
-0.00020002
1.25
1.25
1.25
1.25
1.25
1.25
1.25
1.25
1.25
2.5
2.5
2.5
2.5
2.5
2.5
2.5
2.5
2
1.11111
0.833333
0.833333
-0.00020002
-0.00020002
-0.00020002
-0.00020002
1.25
2.5
2.5
2.5
2.5
2.5
2.5
2.5
1.25
1.25
inf
inf
inf
inf
inf
inf
inf
inf
inf
1.11111
0.769231
-0.00020002
-0.00020002
0.5
0.625
0.833333
1.25
2.5
inf
inf
inf
inf
inf
2.5
1.25
1.25
2.5
2.5
2.5
2.5
2.5
2.5
2.5
4e-06
2.34315e-06
1.52595e-06
-0.00020002
-0.00020002
0.526316
0.5
0.625
0.833333
1.25
2.5
2.5
2.5
2.5
2.5
2.5
2.5
1.25
1.25
1.25
1.25
1.25
1.25
1.11111
1.25
-0.00020002
-0.00020002
1.25
1.25
1.25
0.769231
0.625
0.5
0.625
0.833333
1.25
1.25
1.25
1.25
1.25
1.25
1.25
1.25
1.25
1.25
2.5
2.5
2.5
2.5
2.5
2.13186e-06
3.53175e-06
2.5
2
2.5
1.25
0.833333
0.625
0.5
0.625
0.833333
1.25
2.5
2.5
2.5
2.5
2.5
2.5
1.25
1
1.25
inf
inf
inf
inf
inf
inf
inf
inf
inf
2.5
1.25
0.833333
0.625
0.5
0.625
0.833333
1.25
2.5
inf
inf
inf
inf
2.5
1.25
1
1.25
2.5
2.5
2.5
2.5
2.5
2.95519e-06
1.66667
1.66667
2
2.5
1.25
0.833333
0.625
0.5
0.625
0.833333
1.25
2.5
2.5
2.5
2.5
2.5
2.5
1.25
1
1.25
