-9999
-9999
1.41421
-9999
-9999
-9999
5.75711
6.55711
7.35711
8.15711
8.55711
2.10351
0
1.83211
-9999
4.15711
4.95711
5.75711
6.55711
7.35711
8.15711
-9999
3.40701
2.56824
2.88649
3.35711
4.15711
4.95711
5.75711
6.55711
7.35711
8.15711
8.55711
-9999
-9999
-9999
-9999
4.15711
4.95711
5.75711
6.75711
7.55711
8.15711
8.55711
12.7571
12.7571
12.5571
-9999
-9999
-9999
5.75711
6.55711
7.35711
8.15711
8.55711
12.3571
11.9571
12.1571
12.3571
11.7571
-9999
-9999
-9999
7.35711
8.15711
8.55711
12.5571
11.9571
11.5571
11.3571
11.3571
10.9571
10.5571
-9999
-9999
-9999
8.55711
12.5571
12.1571
11.5571
11.1571
10.7571
10.5571
10.1571
9.75711
9.75711
8.95711
8.55711
12.9571
12.1571
11.7571
11.3571
10.7571
10.3571
9.95711
9.55711
9.15711
8.95711
8.55711
12.9571
12.5571
12.1571
11.3571
10.9571
10.5571
10.1571
9.75711
9.15711
8.75711
8.55711
13.3571
12.9571
12.1571
11.7571
11.3571
10.9571
10.5571
9.75711
9.35711
8.95711
8.55711
