0.427474
0
0.427474
0
5.86666e-38
0
5.86666e-38
0
0
0
0
0
0
9.404e-38
0
0
0
0
0
0
0
0
0
0
0
0
0
0
0
1.08421e-19
0
0
0
0
0
0
0
0
0
0
0
0
0
0
0
9.404e-38
0
0
0
0
0
0
0
0
0
0
0
0
0
0
0
6.01856e-36
0
0
0
0
0
0
0
0
0
0
0
0
0
0
0
9.40401e-38
0
0
0
0
0
0
0
0
0
0
0
0
0
0
0
9.40401e-38
0
0
0
0
0
0
0
0
0
0
0
0
0
0
0
6.01857e-36
0
0
0
0
0
0
0
0
0
0
0
0
0
0
0
9.40402e-38
0
0
0
0
0
0
0
0
0
0
0
0
0
0
0
6.01857e-36
0
0
0
0
0
0
0
0
0
0
0
0
0
0
0
9.40402e-38
0
0
0
0
0
0
0
0
0
0
0
0
0
0
0
0
0
0
0
0
0
0
0
0
0
0
0
0
0
0
0
0
0
0
0
0
0
0
5.83031e-38
0
5.88653e-38
0
0
0
0
0
0
0
0
0
0
0
0
0
5.83208e-38
0
5.83034e-38
0
0
0
0
0
5.83018e-38
0
1.86155e+34
1.5705e+16
4.61304e+24
7.71552e+31
7.26971e+31
3.44024e-09
1.89868e+28
7.22507e+28
8.80586e-07
7.56345e+28
8.85995e+11
2.12566e+20
4.74681e+27
1.00119e+06
2822.64
197.271
0
-6.3346e+35
221102
2.45476e-08
0
0
5.83053e-38
0
5.83024e-38
0
-nan
0
0
0
5.86817e-38
0
5.83025e-38
0
0
0
0
0
0
0
0
0
1.43459e+23
5.65474
0
0
5.81954e-38
0
5.83029e-38
0
0
0
0
0
5.8671e-38
0
5.88649e-38
0
0
0
0
0
0
0
0
0
0
0
0
0
5.83208e-38
0
5.86713e-38
0
0
0
0
0
5.83036e-38
0
3.0749e-06
3.07289e+32
1.34628e+22
1.70349e+25
2.08012e+23
7.20759e+31
2.74897e+20
4.15437e+21
993015
1.27776e+19
1.14461e+24
1.77511e+28
6.17419e+25
3156.33
2852.2
-4.18765e-24
0
0
5.72213e-38
0
5.83041e-38
0
0
0
0
0
5.86771e-38
0
5.82436e-38
0
0
0
0
0
0
0
0
0
0
0
0
0
5.72488e-38
0
0
0
0
0
0
0
0
0
0
0
0
9.40404e-38
0
0
0
0
0
0
0
0
0
0
0
0
5.86753e-38
0
-3.83454e-30
-8.63793e-29
0
0
5.83053e-38
0
0.427427
0
0
0
0
0
5.83046e-38
0
1.86155e+34
1.5705e+16
4.61304e+24
7.71552e+31
7.26971e+31
3.44024e-09
1.89868e+28
7.22507e+28
8.80586e-07
7.56345e+28
8.85995e+11
2.12566e+20
4.74681e+27
1.00119e+06
2950.64
197.271
0
-5.78049e+32
-3.59731e-19
5.64223
0
0
5.83357e-38
0
5.85165e-38
0
0
0
0
0
5.86727e-38
0
5.88645e-38
0
0
0
0
0
0
0
0
0
0
0
0
0
5.83208e-38
0
5.86731e-38
0
0
0
0
0
5.86715e-38
0
1.86155e+34
1.5705e+16
4.61304e+24
7.71552e+31
7.26971e+31
3.44024e-09
1.89868e+28
7.22507e+28
8.80586e-07
7.56345e+28
8.85995e+11
2.12566e+20
4.74681e+27
1.00119e+06
2950.64
197.271
0
-7.63501e+15
3.50983e-11
-8.60206e-29
0
0
5.83053e-38
0
5.8672e-38
0
0
0
0
0
5.83042e-38
0
5.8244e-38
0
0
0
0
0
0
0
0
0
0
0
0
0
5.86803e-38
0
5.86757e-38
0
0
0
0
0
0
0
0
0
0
0
0
0
5.83208e-38
0
5.86762e-38
0
0
0
0
0
5.86733e-38
0
3.0749e-06
3.07289e+32
1.34628e+22
1.70349e+25
2.08012e+23
7.20759e+31
2.74897e+20
4.15437e+21
993015
1.27776e+19
1.14461e+24
1.77511e+28
6.17419e+25
3156.32
2852.2
9.68589e-07
0
0
5.72213e-38
0
5.86737e-38
0
0
0
0
0
5.86739e-38
0
5.82431e-38
0
0
0
0
0
0
0
0
0
0
0
0
0
5.86743e-38
0
0
0
0
0
0
0
0
0
0
0
0
9.40404e-38
0
0
0
0
0
0
0
0
0
0
0
0
5.86799e-38
0
-2.13324e+08
9.75924e-07
0
0
5.83053e-38
0
0.427427
0
0
0
0
0
1.89868e+28
7.22507e+28
8.80586e-07
7.56345e+28
8.85995e+11
2.12566e+20
4.74681e+27
1.00119e+06
2854.64
197.271
0
-1.35417e-34
-7.15732e-28
2.44494e-08
0
0
5.83357e-38
0
5.86757e-38
0
0
0
0
0
5.86775e-38
0
5.88638e-38
0
0
0
0
0
0
0
0
0
0
0
0
0
5.83208e-38
0
5.86779e-38
0
0
0
0
0
5.86764e-38
0
1.86155e+34
1.5705e+16
4.61304e+24
7.71552e+31
7.26971e+31
3.44024e-09
1.89868e+28
7.22507e+28
8.80586e-07
7.56345e+28
8.85995e+11
2.12566e+20
4.74681e+27
1.00119e+06
2854.64
197.271
0
2.36949e+26
5.27301e+12
2.45465e-08
0
0
5.83053e-38
0
5.8677e-38
0
-nan
0
0
0
