-0.00020002
-0.00020002
-0.000400072
inf
inf
0.888889
0.860215
0.833333
1.25
2.5
inf
inf
inf
inf
inf
inf
inf
inf
2.5
2.5
inf
inf
inf
1.66667
0.925013
1.2803
-0.00020002
-0.00020002
-0.000565923
-0.00113257
-0.00160374
2.5
1.25
0.833333
1.25
2.5
2.5
2.5
2.5
2.5
2.5
2.5
2.5
2.5
2.5
2.5
2.5
2.5
2
2
1.11111
1.2803
-0.00020002
0.601504
0.888889
inf
inf
2.5
1.25
0.833333
1.25
2.5
inf
inf
inf
inf
inf
inf
inf
inf
2.5
2.5
inf
inf
inf
2.5
1.25
1.2803
1.11111
0.792079
1.31148
1.31148
1.31148
2.5
1.25
0.833333
1.11111
2
2.5
2.5
2.5
2.5
2.5
2.5
2.5
2.5
2.5
2.5
1.31148
2.5
2.5
2.5
1.25
1.2803
1.66667
1.66667
2
inf
inf
1.04679
0.860215
0.833333
1.25
2.5
inf
inf
inf
inf
inf
inf
inf
inf
2.5
0.888889
inf
inf
2.5
1.25
1.25
1.2803
1.66667
2.5
5
2.5
2.5
2.5
0.884122
0.733945
0.860215
2.5
2.5
2.5
2.5
2.5
1.31148
1.31148
1.31148
1.31148
1.31148
1.31148
2.5
2.5
2.5
1.72097
1.46829
1.2803
1.42857
2
5
inf
inf
2.71322
1.66667
1
0.860215
0.888889
inf
inf
inf
inf
inf
inf
inf
2.5
1.66667
2.5
inf
inf
3.55788
2.07872
1.46829
1.2803
-0.00020002
2
3.33333
3.33333
5
3.33333
1.66667
1.25
1.66667
2.5
2.5
2.5
2.5
2.5
2.5
2.5
2.5
2.5
1.72097
3.33333
3.33333
3.33333
3.33333
1.72097
1.2803
1.2803
1.11111
1.42857
2.5
inf
inf
3.33333
2
1.42857
2
3.33333
inf
inf
inf
inf
inf
inf
inf
3.55788
2.07872
3.33333
inf
inf
2.5
1.66667
1.0193
1.2803
0.909091
1.25
2.5
2.5
2.5
2.5
1.66667
1.25
1.66667
3.33333
3.61302
3.33333
5
5
3.33333
5
5
3.33333
1.72097
2.5
2.5
2.5
2.5
1.11111
1.0193
1.2803
1.25
1.25
2.5
inf
inf
2.5
1.25
1
1.66667
2.5
inf
inf
inf
inf
inf
inf
inf
2.5
1.66667
2.5
inf
inf
2.5
1.11111
-0.00020002
1.2803
1.25
2.5
2.5
2.5
2.5
2.5
1.25
1
1.25
2.5
2.5
2.5
3.33333
3.33333
3.33333
3.33333
3.33333
2.5
1.25
2.5
2.5
2.5
2.5
1.25
-0.00020002
1.2803
1.25
2.5
inf
inf
inf
2.5
0.860215
0.64
1.25
2.5
inf
inf
inf
inf
inf
inf
inf
2.5
1.11111
2.5
inf
inf
2.5
-0.00020002
-0.00020002
1.2803
1.25
2.5
2.5
2.5
2.5
1.31148
0.860215
-0.00020002
1.25
2.5
2.5
2.5
2.5
2.5
2.5
2.5
2.5
2.5
1.11111
2.82843e-06
2.82843e-06
2.66205e-06
2.82843e-06
-0.00020002
1.0193
1.2803
1.25
2.5
inf
inf
inf
0.888889
1.25
0.833333
1.25
2.5
inf
inf
inf
inf
inf
inf
inf
1.94113e-06
-0.00020002
4e-06
inf
inf
2.5
1.25
1.0193
1.2803
1.25
2.5
1.31148
1.31148
1.31148
2.5
1.25
0.833333
1.25
2.5
2.5
2.5
2.5
2.5
2.5
2.5
2.08963e-06
1.39309e-06
1.25
2.5
2.5
2.5
2.5
1.25
1.0193
1.2803
1.25
0.888889
inf
inf
inf
2.5
1.25
0.833333
1.25
2.5
inf
inf
inf
inf
inf
inf
inf
-0.00020002
1.25
2.5
inf
inf
2.5
1.25
1.0193
1.2803
0.860215
1.31148
2.5
2.5
2.5
2.5
1.25
0.833333
1.25
2.5
2.5
2.5
2.5
2
2.5
2.5
2.12328e-06
2.26274e-06
2.5
2.5
2.5
2.5
2.5
1.25
1.0193
1.2803
0.860215
2.5
inf
inf
inf
2.5
1.25
0.833333
1.25
2.5
inf
inf
inf
inf
inf
inf
inf
1.25
2.5
inf
inf
inf
2.5
1.25
1.0193
1.2803
1.25
2.5
2.5
2.5
2.5
2.5
1.25
0.833333
1.25
2.5
2.5
2.5
4e-06
2.82843e-06
2.66205e-06
4e-06
2.5
2.5
2.5
2.5
2.5
2.5
2.5
1.25
1.0193
1.2803
1.25
2.5
inf
inf
inf
2.5
1.25
0.769231
1.11111
1.25
inf
inf
inf
inf
inf
inf
inf
2.5
2.5
inf
inf
inf
2.5
1.25
1.0193
1.2803
1.25
2.5
2.5
2.5
2.5
2.5
1.25
-0.00020002
1.52595e-06
2.34315e-06
2.82843e-06
4e-06
2
2.5
2.5
2.5
2.5
2.5
2.5
2.5
2.5
2.5
2.5
1.25
1.0193
1.2803
1.25
2.5
inf
inf
inf
2
-0.00020002
-0.00020002
2.5
inf
inf
inf
inf
inf
inf
inf
inf
2.5
2.5
inf
inf
inf
2.5
1.25
1.0193
1.2803
1.25
2.5
2.5
2.5
2.5
-0.00020002
-0.00020002
1.25
2.5
2.5
2.5
2.5
2.5
2.5
2.5
2.5
2.5
2.5
2.5
2.5
2.5
2.5
2.5
1.25
1.0193
1.2803
1.25
2.5
inf
inf
2.5
-0.00020002
0.769231
1.11111
2.5
inf
inf
inf
inf
inf
inf
inf
inf
2.5
2.5
inf
inf
inf
2.5
1.25
1.0193
1.2803
1.25
2.5
2.5
2.5
2.5
-0.00020002
0.666667
1.11111
2.5
2.5
2.5
2.5
2.5
2.5
2.5
2.5
2.5
2.5
2.5
2.5
2.5
2.5
2.5
1.25
1.0193
1.2803
