-0.00020002
-0.00020002
-0.00020002
1.41421
0.680454
0.385415
0.351982
0.347397
0.305013
0.271846
0.245185
0.223286
0.204979
0.189446
0.176101
0.164513
0.154355
0.145379
0.13739
0.130233
0.123785
0.11657
0.111532
0.116741
0.125533
0.130446
-0.00020002
0.950794
inf
1.09164
0.680454
0.481104
0.403461
0.347397
0.305013
0.271846
0.245185
0.223286
0.204979
0.189446
0.176101
0.164513
0.154355
0.145379
0.13739
0.130233
0.123785
0.117945
0.114077
0.119531
0.125533
0.130446
0.353544
0.587025
0.778743
0.692884
0.595751
0.481104
0.403461
0.347397
0.305013
0.271846
0.245185
0.223286
0.204979
0.189446
0.176101
0.164513
0.154355
0.145379
0.13739
0.130233
0.123785
0.118119
0.118119
0.120977
0.127129
0.130446
0.405514
0.415089
0.415089
0.415089
0.409659
0.481104
0.403461
0.347397
0.295985
0.264652
0.245185
0.223286
0.204979
0.189446
0.176101
0.164513
0.154355
0.145379
0.13739
0.130233
0.118645
0.123977
0.123977
0.123977
0.127129
0.130446
0.361532
0.337154
0.305659
0.315296
0.351982
0.351982
0.351982
0.347397
0.305013
0.271846
0.245185
0.223286
0.204979
0.189446
0.176101
0.164513
0.154355
0.145379
0.13739
0.124556
0.124556
0.130446
0.130446
0.127129
0.127129
0.130446
0.337154
0.337154
0.315855
0.288517
0.272359
0.277504
0.274646
0.274646
0.274646
0.271846
0.245185
0.223286
0.204979
0.189446
0.165534
0.155254
0.146176
0.138341
0.131087
0.131087
0.137627
0.137627
0.13394
0.13394
0.13217
0.130446
0.306184
0.306184
0.315855
0.297088
0.272776
0.258665
0.249778
0.227089
0.225172
0.225172
0.225172
0.206567
0.190801
0.177272
0.165534
0.159591
0.154655
0.145645
0.145645
0.145645
0.145645
0.141523
0.139548
0.135759
0.13217
0.130446
0.272776
0.288517
0.288517
0.297088
0.280426
0.265533
0.245942
0.234411
0.223914
0.214316
0.205507
0.192176
0.182949
0.176491
0.170474
0.164853
0.154655
0.154655
0.154655
0.1523
0.147798
0.143554
0.139548
0.13394
0.130446
0.130446
0.258665
0.258665
0.272776
0.272776
0.272776
0.265533
0.252143
0.240038
0.229042
0.21901
0.205507
0.197394
0.189897
0.182949
0.176491
0.164853
0.164853
0.16218
0.157084
0.1523
0.145645
0.141523
0.137627
0.13394
0.127129
0.130446
0.234411
0.245942
0.245942
0.245942
0.245942
0.245942
0.245942
0.234411
0.223914
0.21901
0.209819
0.201369
0.193573
0.186358
0.176491
0.17343
0.167616
0.16218
0.154655
0.150015
0.145645
0.137627
0.13394
0.128766
0.127129
0.130446
0.223914
0.223914
0.223914
0.223914
0.223914
0.223914
0.223914
0.223914
0.214316
0.205507
0.205507
0.197394
0.189897
0.186358
0.179662
0.17343
0.164853
0.159591
0.154655
0.145645
0.141523
0.137627
0.130446
0.125533
-0.00020002
0.130446
0.205507
0.205507
0.205507
0.205507
0.205507
0.205507
0.205507
0.205507
0.205507
0.197394
0.189897
0.189897
0.182949
0.176491
0.176491
0.170474
0.164853
0.154655
0.150015
0.145645
0.137627
0.13394
0.130446
0.123977
-0.00020002
0.130446
0.189897
0.189897
0.189897
0.189897
0.189897
0.189897
0.177667
0.177667
0.189897
0.189897
0.182949
0.176491
0.176491
0.170474
0.164853
0.164853
0.159591
0.154655
0.143554
0.141523
0.137627
0.130446
0.127129
-0.00020002
-0.00020002
0.130446
0.176491
0.176491
0.176491
0.176491
0.176491
0.165879
0.165879
0.176491
0.176491
0.176491
0.176491
0.170474
0.164853
0.164853
0.159591
0.154655
0.154655
0.150015
0.143554
-0.00020002
-0.00020002
-0.00020002
-0.00020002
-0.00020002
0.127129
0.130446
0.164853
0.164853
0.164853
0.164853
0.155557
0.155557
0.164853
0.164853
0.164853
0.164853
0.164853
0.164853
0.159591
0.154655
0.154655
0.150015
0.145645
-0.00020002
-0.00020002
-0.00020002
0.105641
0.110302
0.115393
0.120977
0.127129
0.130446
0.154655
0.154655
0.146445
0.146445
0.146445
0.154655
0.154655
0.154655
0.154655
0.154655
0.154655
0.154655
0.154655
0.150015
0.145645
0.145645
-0.00020002
-0.00020002
0.0974089
0.101358
0.105641
0.110302
0.115393
0.120977
0.127129
0.130446
0.145645
0.138341
0.138341
0.137627
0.145645
0.145645
0.145645
0.145645
0.145645
0.145645
0.145645
0.145645
0.145645
0.145645
0.141523
0.137627
0.137627
-0.00020002
0.0974089
0.101358
0.105641
0.110302
0.115393
0.120977
0.127129
0.130446
0.131087
0.131087
0.130446
0.137627
0.137627
0.137627
0.137627
0.137627
0.137627
0.137627
0.137627
0.137627
0.137627
0.135759
0.137627
0.13394
-0.00020002
-0.00020002
0.0974089
0.101358
0.105641
0.110302
0.115393
0.120977
0.127129
0.130446
0.11424
0.123977
0.130446
0.130446
0.130446
0.130446
0.130446
0.130446
0.130446
0.130446
0.130446
0.130446
0.130446
0.128766
0.130446
-0.00020002
-0.00020002
0.0937559
0.0974089
0.101358
0.105641
0.110302
0.115393
0.120977
0.127129
0.130446
0.118119
0.123977
0.123977
0.123977
0.123977
0.123977
0.123977
0.123977
0.123977
0.123977
0.123977
0.123977
-0.00020002
-0.00020002
-0.00020002
-0.00020002
0.0903669
0.0937559
0.0974089
0.101358
0.105641
0.110302
0.115393
0.120977
0.127129
0.130446
0.118119
0.118119
0.118119
0.118119
0.118119
0.118119
0.118119
0.116741
0.116741
0.118119
0.118119
-0.00020002
-0.00020002
0.0815262
0.0842744
0.0872144
0.0903669
0.0937559
0.0974089
0.101358
0.105641
0.110302
0.115393
0.120977
0.127129
0.130446
0.11279
0.11279
0.11279
0.11279
0.11279
0.11279
0.11279
-0.00020002
-0.00020002
-0.00020002
-0.00020002
-0.00020002
0.0783331
0.0815262
0.0842744
0.0872144
0.0903669
0.0937559
0.0974089
0.101358
0.105641
0.110302
0.115393
0.120977
0.127129
0.130446
0.107921
0.107921
0.107921
0.107921
0.106769
0.107921
-0.00020002
-0.00020002
0.0700967
0.0721189
0.0742611
0.0759532
0.0789515
0.0815262
0.0842744
0.0872144
0.0903669
0.0937559
0.0974089
0.101358
0.105641
0.110302
0.115393
0.120977
0.127129
0.130446
0.103455
0.103455
0.103455
0.103455
0.103455
-0.00020002
-0.00020002
0.0681849
0.0700967
0.0721189
0.0742611
0.0765345
0.0789515
0.0815262
0.0842744
0.0872144
0.0903669
0.0937559
0.0974089
0.101358
0.105641
0.110302
0.115393
0.120977
0.127129
0.130446
0.0993443
0.0993443
0.0993443
0.0993443
0.0993443
-0.00020002
0.065937
0.0677232
0.0700967
0.0721189
0.0742611
0.0765345
0.0789515
0.0815262
0.0842744
0.0872144
0.0903669
0.0937559
0.0974089
0.101358
0.105641
0.110302
0.115393
0.120977
0.127129
0.130446
0.0955474
0.0955474
0.0955474
0.0955474
0.0955474
-0.00020002
0.0650788
0.0677232
0.0700967
0.0721189
0.0742611
0.0765345
0.0789515
0.0815262
0.0842744
0.0872144
0.0903669
0.0937559
0.0974089
0.101358
0.105641
0.110302
0.115393
0.120977
0.127129
0.130446
