-9999
-9999
-9999
1.41421
2.93921
5.18921
5.68211
5.75711
6.55711
7.35711
8.15711
8.95711
9.75711
10.5571
11.3571
12.1571
12.9571
13.7571
14.5571
15.3571
16.1571
17.1571
17.932
17.132
15.932
15.332
-9999
2.10351
0
1.83211
2.93921
4.15711
4.95711
5.75711
6.55711
7.35711
8.15711
8.95711
9.75711
10.5571
11.3571
12.1571
12.9571
13.7571
14.5571
15.3571
16.1571
16.9571
17.532
16.732
15.932
15.332
5.65701
3.40701
2.56824
2.88649
3.35711
4.15711
4.95711
5.75711
6.55711
7.35711
8.15711
8.95711
9.75711
10.5571
11.3571
12.1571
12.9571
13.7571
14.5571
15.3571
16.1571
16.932
16.932
16.532
15.732
15.332
4.93201
4.81824
4.81824
4.81824
4.88211
4.15711
4.95711
5.75711
6.75711
7.55711
8.15711
8.95711
9.75711
10.5571
11.3571
12.1571
12.9571
13.7571
14.5571
15.3571
16.857
16.132
16.132
16.132
15.732
15.332
5.53201
5.93201
6.54324
6.34324
5.68211
5.68211
5.68211
5.75711
6.55711
7.35711
8.15711
8.95711
9.75711
10.5571
11.3571
12.1571
12.9571
13.7571
14.5571
16.057
16.057
15.332
15.332
15.732
15.732
15.332
5.93201
5.93201
6.33201
6.93201
7.34324
7.20711
7.28211
7.28211
7.28211
7.35711
8.15711
8.95711
9.75711
10.5571
12.0821
12.8821
13.6821
14.457
15.257
15.257
14.532
14.532
14.932
14.932
15.132
15.332
6.53201
6.53201
6.33201
6.73201
7.33201
7.73201
8.00711
8.80711
8.88211
8.88211
8.88211
9.68211
10.4821
11.2821
12.0821
12.532
12.932
13.732
13.732
13.732
13.732
14.132
14.332
14.732
15.132
15.332
7.33201
6.93201
6.93201
6.73201
7.13201
7.53201
8.13201
8.53201
8.93201
9.33201
9.73201
10.4071
10.932
11.332
11.732
12.132
12.932
12.932
12.932
13.132
13.532
13.932
14.332
14.932
15.332
15.332
7.73201
7.73201
7.33201
7.33201
7.33201
7.53201
7.93201
8.33201
8.73201
9.13201
9.73201
10.132
10.532
10.932
11.332
12.132
12.132
12.332
12.732
13.132
13.732
14.132
14.532
14.932
15.732
15.332
8.53201
8.13201
8.13201
8.13201
8.13201
8.13201
8.13201
8.53201
8.93201
9.13201
9.53201
9.93201
10.332
10.732
11.332
11.532
11.932
12.332
12.932
13.332
13.732
14.532
14.932
15.532
15.732
15.332
8.93201
8.93201
8.93201
8.93201
8.93201
8.93201
8.93201
8.93201
9.33201
9.73201
9.73201
10.132
10.532
10.732
11.132
11.532
12.132
12.532
12.932
13.732
14.132
14.532
15.332
15.932
-9999
15.332
9.73201
9.73201
9.73201
9.73201
9.73201
9.73201
9.73201
9.73201
9.73201
10.132
10.532
10.532
10.932
11.332
11.332
11.732
12.132
12.932
13.332
13.732
14.532
14.932
15.332
16.132
-9999
15.332
10.532
10.532
10.532
10.532
10.532
10.532
11.257
11.257
10.532
10.532
10.932
11.332
11.332
11.732
12.132
12.132
12.532
12.932
13.932
14.132
14.532
15.332
15.732
-9999
-9999
15.332
11.332
11.332
11.332
11.332
11.332
12.057
12.057
11.332
11.332
11.332
11.332
11.732
12.132
12.132
12.532
12.932
12.932
13.332
13.932
-9999
-9999
-9999
-9999
-9999
15.732
15.332
12.132
12.132
12.132
12.132
12.857
12.857
12.132
12.132
12.132
12.132
12.132
12.132
12.532
12.932
12.932
13.332
13.732
-9999
-9999
-9999
18.932
18.132
17.332
16.532
15.732
15.332
12.932
12.932
13.657
13.657
13.657
12.932
12.932
12.932
12.932
12.932
12.932
12.932
12.932
13.332
13.732
13.732
-9999
-9999
20.532
19.732
18.932
18.132
17.332
16.532
15.732
15.332
13.732
14.457
14.457
14.532
13.732
13.732
13.732
13.732
13.732
13.732
13.732
13.732
13.732
13.732
14.132
14.532
14.532
-9999
20.532
19.732
18.932
18.132
17.332
16.532
15.732
15.332
15.257
15.257
15.332
14.532
14.532
14.532
14.532
14.532
14.532
14.532
14.532
14.532
14.532
14.732
14.532
14.932
-9999
-9999
20.532
19.732
18.932
18.132
17.332
16.532
15.732
15.332
17.507
16.132
15.332
15.332
15.332
15.332
15.332
15.332
15.332
15.332
15.332
15.332
15.332
15.532
15.332
-9999
-9999
21.332
20.532
19.732
18.932
18.132
17.332
16.532
15.732
15.332
16.932
16.132
16.132
16.132
16.132
16.132
16.132
16.132
16.132
16.132
16.132
16.132
-9999
-9999
-9999
-9999
22.132
21.332
20.532
19.732
18.932
18.132
17.332
16.532
15.732
15.332
16.932
16.932
16.932
16.932
16.932
16.932
16.932
17.132
17.132
16.932
16.932
-9999
-9999
24.532
23.732
22.932
22.132
21.332
20.532
19.732
18.932
18.132
17.332
16.532
15.732
15.332
17.732
17.732
17.732
17.732
17.732
17.732
17.732
-9999
-9999
-9999
-9999
-9999
25.532
24.532
23.732
22.932
22.132
21.332
20.532
19.732
18.932
18.132
17.332
16.532
15.732
15.332
18.532
18.532
18.532
18.532
18.732
18.532
-9999
-9999
28.532
27.732
26.932
26.332
25.332
24.532
23.732
22.932
22.132
21.332
20.532
19.732
18.932
18.132
17.332
16.532
15.732
15.332
19.332
19.332
19.332
19.332
19.332
-9999
-9999
29.332
28.532
27.732
26.932
26.132
25.332
24.532
23.732
22.932
22.132
21.332
20.532
19.732
18.932
18.132
17.332
16.532
15.732
15.332
20.132
20.132
20.132
20.132
20.132
-9999
30.332
29.532
28.532
27.732
26.932
26.132
25.332
24.532
23.732
22.932
22.132
21.332
20.532
19.732
18.932
18.132
17.332
16.532
15.732
15.332
20.932
20.932
20.932
20.932
20.932
-9999
30.732
29.532
28.532
27.732
26.932
26.132
25.332
24.532
23.732
22.932
22.132
21.332
20.532
19.732
18.932
18.132
17.332
16.532
15.732
15.332
