inf
inf
inf
inf
inf
inf
inf
inf
inf
inf
inf
inf
inf
inf
inf
inf
inf
inf
inf
inf
inf
inf
inf
inf
inf
inf
-0.00020002
-0.000282894
-0.000565883
-0.00080079
-0.00160374
1.31148
2.5
2.5
2.5
2.5
2.5
2.5
2.5
2.5
2.5
2.5
2.5
2.5
2.5
2.5
2.5
2.5
1.66667
1.66667
2.57474
11.3137
-0.00020002
-0.00020002
-0.00020002
-0.00020002
0.860215
1.25
1.25
1.25
1.25
1.25
1.25
1.25
1.25
1.25
1.25
1.25
1.25
1.25
1.25
1.25
1.25
1.25
1.25
1.45267
3.46755
11.3137
1.42857
0.941176
-0.00020002
-0.00020002
0.792079
0.833333
0.833333
0.833333
0.769231
-0.00020002
-0.00020002
-0.00020002
-0.00020002
-0.00020002
-0.00020002
-0.00020002
-0.00020002
-0.00020002
-0.00020002
-0.00020002
-0.00020002
-0.00020002
-0.00020002
1.45267
3.46755
11.3137
2.5
1.66667
1.66667
2
0.941176
0.860215
0.860215
-0.00020002
0.923624
0.923624
0.923624
0.923624
0.923624
0.923624
0.860215
0.655738
0.655738
0.655738
-0.00020002
-0.00020002
0.941176
1.42857
1.42857
2.21476
3.46755
11.3137
3.33333
5
5
3.33333
2.5
2.5
1.31148
1.31148
1.31148
1.46479
1.46479
1.46479
1.46479
1.31148
1.31148
1.31148
1.31148
1.31148
1.31148
1.31148
2.5
3.33333
3.33333
3.33333
6.59994
11.3137
inf
inf
inf
inf
inf
inf
inf
inf
inf
inf
inf
inf
inf
inf
inf
inf
inf
inf
inf
inf
inf
inf
inf
inf
inf
inf
2.5
3.33333
3.33333
5
5
3.33333
2.5
2.5
2.5
1.39882
1.35287
1.35287
1.35287
1.35287
2.5
2.5
2.5
2.5
2.5
3.33333
3.33333
5
5
3.33333
3.33333
10
1.42857
1.42857
2
2
2
2.5
2
1.42857
1.42857
1.42857
1
0.877833
0.877833
1.25
1.25
1.25
1.25
1.42857
2
2
2
2
2
2
3.33333
10
-0.00020002
-0.00020002
-0.00020002
-0.00020002
1.42857
1.42857
1.42857
1.25
1
1.11111
-0.00020002
-0.00020002
1.11111
1.11111
1
-0.00020002
1.11111
1.42857
1.25
1.25
1.25
1.11111
1.11111
1.25
3.33333
10
1.25
1.25
1.25
1.25
1.25
1.25
1.25
1.25
1.25
1.25
1.25
1.25
1.25
1.42857
1.42857
1.42857
1.25
1.25
1.25
1.25
1.25
1.25
1.25
1.25
-0.00020002
10
2.5
2.5
2.5
2.5
2.5
2.5
2.5
2.5
2.5
2.5
2.5
2.5
2.5
2.5
2.5
2.5
2.5
2.5
2.5
2.5
2.5
1.25
2.5
1.25
3.39912e-06
10
inf
inf
inf
inf
inf
inf
inf
inf
inf
inf
inf
inf
inf
inf
inf
inf
inf
inf
inf
inf
inf
inf
inf
inf
inf
inf
2.5
2.5
2.5
2.5
2.5
1.31148
1.31148
2.5
2.5
2.5
2.5
2.5
2.5
2.5
2.5
2.5
2.5
2.5
2
4e-06
2.82843e-06
2.82843e-06
2.34315e-06
1.94113e-06
3.11808
8.28427
1.25
1.25
1.25
1.25
0.860215
0.860215
1.25
1.25
1.25
1.25
1.25
1.25
1.25
1.25
1.25
1.25
1.25
-0.00020002
-0.00020002
-0.00020002
0.625
0.684765
0.892291
1.38752
3.11808
8.28427
-0.00020002
-0.00020002
0.64
0.64
0.64
-0.00020002
-0.00020002
-0.00020002
-0.00020002
0.833333
0.833333
0.833333
0.833333
0.833333
0.833333
0.833333
-0.00020002
-0.00020002
0.833333
0.833333
0.833333
0.833333
0.94308
1.38752
3.11808
8.28427
-0.00020002
0.860215
0.860215
1.25
1.25
1.25
1.25
1.25
1.25
1.25
1.25
1.25
1.25
1.25
0.833333
0.625
0.625
-0.00020002
1.25
1.25
1.25
1.25
1.25
1.51434
3.11808
8.28427
1.31148
1.31148
2.5
2.5
2.5
2.5
2.5
2.5
2.5
2.5
2.5
2.5
2.5
1.11111
0.714286
0.625
2.12328e-06
3.8307e-06
2.5
2.5
2.5
2.5
2.5
2.5
3.8409
8.28427
inf
inf
inf
inf
inf
inf
inf
inf
inf
inf
inf
inf
inf
inf
inf
inf
inf
inf
inf
inf
inf
inf
inf
inf
inf
8.28427
2.5
2.5
2.5
2.5
2.5
2.5
2.5
2.5
2.5
2.5
2.5
2.5
4e-06
1.88562e-06
-0.00020002
-0.00020002
2.5
2.5
2.5
2.5
2.5
2.5
2.5
2.5
3.11808
8.28427
1.25
1.25
1.25
1.25
1.25
1.25
1.25
1.11111
1.11111
1.25
1.25
-0.00020002
-0.00020002
0.625
0.833333
1.25
1.25
1.25
1.25
1.25
1.25
1.25
1.25
1.38752
3.11808
8.28427
-0.00020002
-0.00020002
-0.00020002
-0.00020002
-0.00020002
-0.00020002
-0.00020002
-0.00020002
-0.00020002
-0.00020002
-0.00020002
-0.00020002
0.769231
0.833333
0.833333
0.833333
0.833333
0.833333
0.833333
0.833333
0.833333
0.833333
0.94308
1.38752
3.11808
8.28427
1.25
1.25
1.25
1.25
1.11111
-0.00020002
-0.00020002
-0.00020002
1.25
1.25
1.25
1.11111
1.25
1.25
0.950302
0.950302
0.950302
1.25
1.25
1.25
1.25
1.25
1.25
1.51434
3.11808
8.28427
2.5
2.5
2.5
2.5
2.5
2.13186e-06
3.53175e-06
2.5
2.5
2.5
2.5
2.5
2.5
1.53304
1.53304
1.53304
0.950302
1.25
2.5
2.5
2.5
2.5
2.5
2.5
3.8409
8.28427
inf
inf
inf
inf
inf
inf
inf
inf
inf
inf
inf
inf
2.5
1.25
0.950302
0.950302
0.950302
1.25
2.5
inf
inf
inf
inf
inf
inf
5.85786
2.5
2.5
2.5
2.5
2.5
2.95519e-06
1.66667
2
2.5
2.5
2.5
2.5
2.5
1.25
0.833333
0.688564
0.833333
1.25
2.5
2.5
2.5
2.5
2.5
2.5
2.5
5
