-0.00020002
-0.00020002
-0.00020002
0.40201
0.509554
0.64
0.693812
1.04168
1.04168
1.04168
0.892877
0.756151
0.756151
0.833333
0.950302
1.08403
1.08403
1.08403
0.956961
0.762118
0.584067
0.452053
0.382829
0.31132
0.285425
0.312153
-0.00020002
1.31148
1.15942
0.57971
0.509554
0.833333
1.25
1.47316
1.78575
1.38894
0.982127
1.08403
1.08403
1.08403
1.25
1.53304
1.91392
1.55045
1.09633
0.762118
0.584067
0.473455
0.382829
0.331991
0.293072
0.312153
-0.00020002
inf
0.888889
0.57971
0.625
0.833333
1.25
2.5
inf
1.6176
1.25
1.53304
1.91392
1.55045
1.25
2.5
inf
1.95262
1.09633
0.762118
0.584067
0.473455
0.398068
0.343391
0.30192
0.312153
inf
1.13546
0.733945
0.567376
0.567376
0.833333
1.25
1.76777
1.71573
1.19561
1.25
2.5
inf
1.95262
1.25
1.76777
2.07107
1.60189
1.09633
0.762118
0.482013
0.473455
0.398068
0.343391
0.30192
0.312153
3.33333
2
1.11111
1
0.567376
0.64
0.752907
1.03553
1.03553
0.923495
1.25
1.76777
2.07107
1.60189
1.34404
1.1327
1.1327
1.1327
0.976311
0.597146
0.482013
0.398068
0.398068
0.343391
0.30192
0.312153
2
2
1.42857
1
0.906164
0.830873
0.578642
0.578642
0.578642
0.833333
1.03553
1.1327
1.1327
1.31148
inf
0.878169
0.607776
0.607776
0.607776
0.559671
0.410318
0.35669
0.343391
0.343391
0.322211
0.312153
1.25
1.25
1.42857
1.42136
1.24447
0.996459
0.830873
0.798865
0.619473
0.619473
0.619473
0.619473
0.655738
0.749252
0.813119
0.867705
0.644137
0.512173
0.425086
0.416051
0.416051
0.38409
0.369884
0.344406
0.322211
0.312153
1.25
1.66031
2.21348
1.98589
1.42136
1.10674
0.917292
1.12339
1.17402
1.17402
1.17402
0.950772
0.950772
0.830873
0.712477
0.644137
0.644137
0.512173
0.499113
0.475386
0.434112
0.399432
0.369884
0.332939
0.312153
0.312153
1.25
2.5
inf
1.95262
1.24447
1.10674
1.00993
1.26556
1.69444
1.81233
1.53427
1.53427
1.24447
0.996459
0.830873
0.623615
0.623615
0.587008
0.525333
0.475386
0.416051
0.38409
0.35669
0.332939
0.293811
0.312153
1.25
1.76777
2.07107
1.60189
1.09633
0.830873
0.917292
1.12339
1.44893
2.56302
2.84271
1.98589
1.42136
1.10674
0.830873
0.767134
0.665091
0.587008
0.499113
0.453812
0.416051
0.35669
0.332939
0.302704
0.293811
0.312153
1.03553
1.1327
1.1327
1.1327
1.08403
0.956961
0.775095
0.917292
1.44893
2.5
inf
1.95262
1.24447
1.10674
0.906164
0.767134
0.623615
0.580556
0.542013
0.473455
0.398068
0.35669
0.312153
0.285425
-0.00020002
0.312153
0.833333
1.25
1.53304
1.91392
1.55045
1.09633
0.762118
0.917292
1.25
1.76777
2.07107
1.60189
1.09633
0.830873
0.830873
0.756151
0.756151
0.692054
0.584067
0.473455
0.398068
0.343391
0.312153
0.277504
-0.00020002
0.312153
1.09633
1.25
2.5
inf
1.95262
1.09633
0.597146
0.64
1.03553
1.1327
1.1327
1.1327
0.976311
1.08403
1.08403
1.08403
0.956961
0.762118
0.551836
0.473455
0.398068
0.343391
0.30192
-0.00020002
-0.00020002
0.312153
1.95262
1.60189
1.76777
2.07107
1.60189
0.829603
0.777732
0.914593
0.779519
0.779519
0.779519
0.833333
1.25
1.53304
1.91392
1.55045
1.09633
0.762118
0.551836
-0.00020002
-0.00020002
-0.00020002
-0.00020002
-0.00020002
0.293811
0.312153
inf
2.07107
1.1327
1.1327
0.888889
inf
1.44221
0.914593
0.669621
0.594233
0.625
0.833333
1.25
2.5
inf
1.95262
1.09633
inf
2.31408e-06
-0.00020002
0.199858
0.217223
0.237894
0.262912
0.293811
0.312153
2.5
1.76777
0.802992
0.607776
0.628539
1.00453
1.01341
0.914593
0.669621
0.528155
0.625
0.833333
1.25
1.76777
2.07107
1.60189
1.88562e-06
1.94113e-06
0.172308
0.185063
0.199858
0.217223
0.237894
0.262912
0.293811
0.312153
1.25
0.860215
0.752907
0.556949
0.716592
0.721103
0.721103
0.721103
0.669621
0.528155
0.625
0.833333
1.03553
1.1327
1.1327
1.1327
0.976311
3.39912e-06
0.172308
0.185063
0.199858
0.217223
0.237894
0.262912
0.293811
0.312153
0.64
0.64
0.519481
0.556949
0.559671
0.559671
0.559671
0.559671
0.559671
0.528155
0.625
0.732233
0.779519
0.723148
0.779519
0.779519
2e-06
inf
0.172308
0.185063
0.199858
0.217223
0.237894
0.262912
0.293811
0.312153
0.372093
0.430108
0.455478
0.457297
0.457297
0.457297
0.457297
0.457297
0.457297
0.5
0.566352
0.594233
0.594233
0.560902
0.594233
-0.00020002
1.41422e-06
0.161198
0.172308
0.185063
0.199858
0.217223
0.237894
0.262912
0.293811
0.312153
0.366972
0.385283
0.386583
0.386583
0.386583
0.386583
0.386583
0.386583
0.416667
0.461748
0.480113
0.480113
-0.00020002
-0.00020002
-0.00020002
-0.00020002
0.151434
0.161198
0.172308
0.185063
0.199858
0.217223
0.237894
0.262912
0.293811
0.312153
0.333835
0.33481
0.33481
0.33481
0.33481
0.33481
0.33481
0.344828
0.375138
0.402764
0.402764
-0.00020002
-0.00020002
0.128147
0.13507
0.142785
0.151434
0.161198
0.172308
0.185063
0.199858
0.217223
0.237894
0.262912
0.293811
0.312153
0.295267
0.295267
0.295267
0.295267
0.295267
0.295267
0.295267
-0.00020002
-0.00020002
-0.00020002
-0.00020002
-0.00020002
0.12043
0.128147
0.13507
0.142785
0.151434
0.161198
0.172308
0.185063
0.199858
0.217223
0.237894
0.262912
0.293811
0.312153
0.264078
0.264078
0.264078
0.264078
0.257283
0.264078
-0.00020002
-0.00020002
0.102004
0.106343
0.111067
0.114896
0.121898
0.128147
0.13507
0.142785
0.151434
0.161198
0.172308
0.185063
0.199858
0.217223
0.237894
0.262912
0.293811
0.312153
0.238848
0.238848
0.238848
0.238848
0.238848
-0.00020002
-0.00020002
0.0980051
0.102004
0.106343
0.111067
0.116231
0.121898
0.128147
0.13507
0.142785
0.151434
0.161198
0.172308
0.185063
0.199858
0.217223
0.237894
0.262912
0.293811
0.312153
0.218019
0.218019
0.218019
0.218019
0.218019
-0.00020002
0.0934269
0.0970539
0.102004
0.106343
0.111067
0.116231
0.121898
0.128147
0.13507
0.142785
0.151434
0.161198
0.172308
0.185063
0.199858
0.217223
0.237894
0.262912
0.293811
0.312153
0.200531
0.200531
0.200531
0.200531
0.200531
-0.00020002
0.0917132
0.0970539
0.102004
0.106343
0.111067
0.116231
0.121898
0.128147
0.13507
0.142785
0.151434
0.161198
0.172308
0.185063
0.199858
0.217223
0.237894
0.262912
0.293811
0.312153
