inf
inf
inf
inf
inf
inf
inf
inf
inf
inf
inf
inf
inf
inf
inf
inf
inf
inf
inf
inf
inf
inf
inf
inf
inf
inf
-0.00020002
-0.000282894
-0.000565883
-0.00080079
-0.00160374
1.31148
2.5
2.5
2.5
2.5
2.5
2.5
2.5
2.5
2.5
2.5
2.5
2.5
2.5
2.5
2.5
2.5
1.66667
1.66667
2.8326
18.8562
-0.00020002
0.792079
0.503145
0.519481
0.860215
1.25
1.25
1.25
1.25
1.25
1.25
1.25
1.25
1.25
1.25
1.25
1.25
1.25
1.25
1.25
1.25
1.25
1.25
1.53132
3.95205
18.8562
2
1.15942
0.941176
0.941176
0.941176
0.833333
0.860215
1.25
1.11111
1.11111
1.25
1.25
1.25
1.25
1.25
1.25
0.923624
0.923624
0.923624
0.860215
0.860215
1.25
1.42857
1.5758
3.95205
18.8562
5
2.5
2.5
3.33333
1.31148
1.15942
1.31148
1.31148
2.5
2.5
2.5
2.5
2.5
1.31148
2.5
1.39913
1.46479
1.46479
1.31148
1.31148
1.31148
2.5
2.5
3.33333
4.26263
18.8562
inf
inf
inf
inf
inf
inf
inf
inf
inf
inf
inf
inf
inf
inf
inf
inf
inf
inf
inf
inf
inf
inf
inf
inf
inf
inf
3.33333
3.33333
5
5
2.5
2
2.5
1.39882
1.31148
1.31148
1.31148
1.31148
1.31148
1.31148
1.31148
1.31148
1.35287
1.35287
1.35287
2.5
2.5
2.5
3.33333
5
4.71405
10
1.42857
2
2
2.5
2.5
1.66667
1.25
1.25
1.25
1.25
1.25
1.11111
1.11111
1.11111
1.11111
1.11111
1.42857
1.42857
1.42857
1.42857
1.42857
2
2.5
2
3.33333
10
1.25
1.25
1.42857
1.42857
1.42857
1.66667
1.42857
1.42857
2
2
1.66667
2
2
2
2
2
2
2.5
2
1.42857
1.25
1.42857
1.42857
1.42857
3.33333
10
2.5
2.5
2.5
2.5
2.5
2.5
2.5
2.5
2.5
3.33333
3.33333
3.33333
5
5
3.33333
5
5
3.33333
2.5
2.5
2.5
2.5
2.5
2
3.33333
10
inf
inf
inf
inf
inf
inf
inf
inf
inf
inf
inf
inf
inf
inf
inf
inf
inf
inf
inf
inf
inf
inf
inf
inf
inf
inf
2.5
2.5
2.5
2.5
2.5
2.5
2.5
2.5
2.5
2.5
2.5
2.5
3.33333
3.33333
3.33333
3.33333
3.33333
2.5
2.5
2.5
2.5
2.5
2.5
2.5
2.95519e-06
9.42809
1.25
1.25
1.25
1.25
1.25
1.25
0.860215
0.860215
1.25
1.25
1.25
1.42857
1.42857
1.42857
1.42857
1.42857
1.42857
1.42857
1.11111
1.25
1.25
1.25
1.25
-0.00020002
-0.00020002
9.42809
1.25
1.25
1.25
1.25
0.860215
0.860215
0.860215
1.25
1.25
1.25
1.25
1.25
1.25
1.25
1.25
1.25
1.25
1.25
0.833333
-0.00020002
-0.00020002
-0.00020002
-0.00020002
-0.00020002
3.26727
9.42809
2.5
1.31148
2.5
1.31148
1.31148
1.31148
2.5
2.5
2.5
2.5
2.5
2.5
2.5
2.5
2.5
2.5
2.5
2.0828e-06
2.17428e-06
4e-06
2.5
2.5
2.5
2.5
3.8409
9.42809
inf
inf
inf
inf
inf
inf
inf
inf
inf
inf
inf
inf
inf
inf
inf
inf
inf
inf
inf
inf
inf
inf
inf
inf
inf
inf
2.5
1.18295
1.31148
1.31148
2.5
2.5
2.5
2.5
2.5
2.5
2.5
2.5
2.5
2.5
2.5
2.5
2.5
2.40354e-06
2.5
2.5
2.5
2.5
2.5
2.5
3.26727
9.42809
0.860215
0.860215
0.860215
1.25
1.25
1.25
1.25
1.25
1.25
1.25
1.25
1.25
1.25
1.11111
1.25
1.25
-0.00020002
-0.00020002
1.25
1.25
1.25
1.25
1.25
1.4163
3.26727
9.42809
0.860215
1.25
1.25
1.25
1.25
1.25
1.25
1.25
1.25
1.25
0.833333
0.833333
0.833333
0.769231
0.833333
-0.00020002
-0.00020002
1.25
1.25
1.25
1.25
1.25
1.25
1.51434
3.26727
9.42809
2.5
2.5
2.5
2.5
2.5
2.5
2.5
2.5
2.5
1.25
0.833333
0.625
2.12327e-06
2.28402e-06
2.66205e-06
4e-06
2.5
2.5
2.5
2.5
2.5
2.5
2.5
2.5
3.8409
9.42809
inf
inf
inf
inf
inf
inf
inf
inf
inf
inf
inf
inf
inf
inf
inf
inf
inf
inf
inf
inf
inf
inf
inf
inf
inf
inf
2.5
2.5
2.5
2.5
2.5
2.5
2.5
4e-06
2.82843e-06
2.34315e-06
1.52595e-06
-0.00020002
2
2.5
2.5
2.5
2.5
2.5
2.5
2.5
2.5
2.5
2.5
2.5
3.33333
10
1.25
1.25
1.25
1.25
1.11111
1.25
-0.00020002
-0.00020002
0.833333
0.833333
0.833333
0.909091
1.25
1.25
1.25
1.25
1.25
1.25
1.25
1.25
1.25
1.25
1.25
1.42857
3.33333
10
1.25
1.25
1.25
1.25
1.25
-0.00020002
-0.00020002
1.25
1.25
1.25
1.25
1.25
1.25
1.25
1.25
1.25
1.25
1.25
1.25
1.25
1.25
1.25
1.25
1.49096
3.33333
10
2.5
2.5
2.5
2.5
2.5
3.39911e-06
1.66667
2
2.5
2.5
2.5
2.5
2.5
2.5
2.5
2.5
2.5
2.5
2.5
2.5
2.5
2.5
2.5
2.5
3.69398
10
inf
inf
inf
inf
inf
inf
inf
inf
inf
inf
inf
inf
inf
inf
inf
inf
inf
inf
inf
inf
inf
inf
inf
inf
inf
inf
